Date,Open,High,Low,Close,Adj Close,Volume,Dividends,Stock Splits
1989-09-20,0.515625,0.53125,0.515625,0.515625,0.500392,15396800,0.0,0.0
1989-09-21,0.507813,0.507813,0.5,0.5,0.485229,6224000,0.0,0.0
1989-09-22,0.5,0.507813,0.5,0.5,0.485229,2041600,0.0,0.0
1989-09-25,0.476563,0.476563,0.46875,0.46875,0.454902,3072000,0.0,0.0
1989-09-26,0.46875,0.476563,0.46875,0.46875,0.454902,888000,0.0,0.0
1989-09-27,0.46875,0.476563,0.46875,0.46875,0.454902,523200,0.0,0.0
1989-09-28,0.46875,0.46875,0.453125,0.453125,0.439738,574400,0.0,0.0
1989-09-29,0.453125,0.46875,0.453125,0.453125,0.439738,240000,0.0,0.0
1989-10-02,0.46875,0.476563,0.46875,0.46875,0.454902,1244800,0.0,0.0
1989-10-03,0.46875,0.515625,0.46875,0.5,0.485229,883200,0.0,0.0
1989-10-04,0.5,0.515625,0.5,0.507813,0.492811,868800,0.0,0.0
1989-10-05,0.507813,0.515625,0.507813,0.507813,0.492811,923200,0.0,0.0
1989-10-06,0.507813,0.515625,0.5,0.507813,0.492811,1020800,0.0,0.0
1989-10-09,0.507813,0.507813,0.5,0.507813,0.492811,148800,0.0,0.0
1989-10-10,0.5,0.5,0.492188,0.492188,0.477647,1056000,0.0,0.0
1989-10-11,0.492188,0.5,0.476563,0.476563,0.462484,497600,0.0,0.0
1989-10-12,0.476563,0.5,0.476563,0.5,0.485229,288000,0.0,0.0
1989-10-13,0.5,0.5,0.476563,0.476563,0.462484,876800,0.0,0.0
1989-10-16,0.460938,0.460938,0.445313,0.460938,0.447321,414400,0.0,0.0
1989-10-17,0.453125,0.453125,0.4375,0.445313,0.432157,126400,0.0,0.0
1989-10-18,0.445313,0.453125,0.4375,0.4375,0.424575,196800,0.0,0.0
1989-10-19,0.4375,0.476563,0.4375,0.476563,0.462484,1188800,0.0,0.0
1989-10-20,0.476563,0.476563,0.460938,0.460938,0.447321,188800,0.0,0.0
1989-10-23,0.460938,0.460938,0.460938,0.460938,0.447321,54400,0.0,0.0
1989-10-24,0.460938,0.460938,0.445313,0.453125,0.439738,734400,0.0,0.0
1989-10-25,0.453125,0.46875,0.453125,0.453125,0.439738,32000,0.0,0.0
1989-10-26,0.453125,0.46875,0.453125,0.46875,0.454902,94400,0.0,0.0
1989-10-27,0.46875,0.507813,0.46875,0.492188,0.477647,1652800,0.0,0.0
1989-10-30,0.492188,0.507813,0.46875,0.492188,0.477647,476800,0.0,0.0
1989-10-31,0.484375,0.484375,0.46875,0.46875,0.454902,52800,0.0,0.0
1989-11-01,0.46875,0.484375,0.46875,0.484375,0.470065,798400,0.0,0.0
1989-11-02,0.484375,0.484375,0.46875,0.46875,0.454902,438400,0.0,0.0
1989-11-03,0.46875,0.484375,0.46875,0.46875,0.454902,169600,0.0,0.0
1989-11-06,0.46875,0.484375,0.46875,0.46875,0.454902,182400,0.0,0.0
1989-11-07,0.46875,0.484375,0.46875,0.484375,0.470065,478400,0.0,0.0
1989-11-08,0.484375,0.492188,0.46875,0.484375,0.470065,1408000,0.0,0.0
1989-11-09,0.484375,0.507813,0.46875,0.484375,0.470065,1052800,0.0,0.0
1989-11-10,0.484375,0.523438,0.484375,0.507813,0.492811,827200,0.0,0.0
1989-11-13,0.515625,0.570313,0.515625,0.546875,0.530719,5342400,0.0,0.0
1989-11-14,0.546875,0.5625,0.539063,0.539063,0.523137,531200,0.0,0.0
1989-11-15,0.539063,0.546875,0.523438,0.546875,0.530719,1427200,0.0,0.0
1989-11-16,0.546875,0.546875,0.53125,0.546875,0.530719,1683200,0.0,0.0
1989-11-17,0.546875,0.546875,0.53125,0.53125,0.515556,342400,0.0,0.0
1989-11-20,0.53125,0.546875,0.53125,0.53125,0.515556,313600,0.0,0.0
1989-11-21,0.53125,0.546875,0.53125,0.53125,0.515556,633600,0.0,0.0
1989-11-22,0.53125,0.546875,0.53125,0.539063,0.523137,768000,0.0,0.0
1989-11-24,0.539063,0.546875,0.53125,0.53125,0.515556,89600,0.0,0.0
1989-11-27,0.53125,0.546875,0.53125,0.546875,0.530719,291200,0.0,0.0
1989-11-28,0.546875,0.546875,0.515625,0.515625,0.500392,640000,0.0,0.0
1989-11-29,0.515625,0.539063,0.5,0.5,0.485229,268800,0.0,0.0
1989-11-30,0.5,0.523438,0.5,0.523438,0.507974,1244800,0.0,0.0
1989-12-01,0.523438,0.53125,0.507813,0.53125,0.515556,4254400,0.0,0.0
1989-12-04,0.53125,0.53125,0.507813,0.507813,0.492811,248000,0.0,0.0
1989-12-05,0.507813,0.53125,0.507813,0.53125,0.515556,264000,0.0,0.0
1989-12-06,0.539063,0.585938,0.539063,0.554688,0.538301,2803200,0.0,0.0
1989-12-07,0.554688,0.554688,0.523438,0.523438,0.507974,409600,0.0,0.0
1989-12-08,0.523438,0.546875,0.523438,0.523438,0.507974,70400,0.0,0.0
1989-12-11,0.523438,0.546875,0.523438,0.523438,0.507974,73600,0.0,0.0
1989-12-12,0.523438,0.546875,0.523438,0.546875,0.530719,222400,0.0,0.0
1989-12-13,0.546875,0.554688,0.53125,0.53125,0.515556,1089600,0.0,0.0
1989-12-14,0.53125,0.539063,0.515625,0.523438,0.507974,273600,0.0,0.0
1989-12-15,0.523438,0.53125,0.515625,0.523438,0.507974,73600,0.0,0.0
1989-12-18,0.523438,0.523438,0.507813,0.523438,0.507974,448000,0.0,0.0
1989-12-19,0.523438,0.539063,0.507813,0.515625,0.500392,790400,0.0,0.0
1989-12-20,0.515625,0.546875,0.515625,0.53125,0.515556,1499200,0.0,0.0
1989-12-21,0.53125,0.546875,0.523438,0.523438,0.507974,17600,0.0,0.0
1989-12-22,0.523438,0.570313,0.523438,0.570313,0.553464,438400,0.0,0.0
1989-12-26,0.554688,0.554688,0.554688,0.554688,0.538301,51200,0.0,0.0
1989-12-27,0.554688,0.554688,0.554688,0.554688,0.538301,88000,0.0,0.0
1989-12-28,0.554688,0.554688,0.554688,0.554688,0.538301,86400,0.0,0.0
1989-12-29,0.554688,0.570313,0.554688,0.570313,0.553464,99200,0.0,0.0
1990-01-02,0.570313,0.570313,0.546875,0.546875,0.530719,209600,0.0,0.0
1990-01-03,0.546875,0.570313,0.546875,0.570313,0.553464,81600,0.0,0.0
1990-01-04,0.546875,0.546875,0.523438,0.523438,0.507974,659200,0.0,0.0
1990-01-05,0.523438,0.546875,0.523438,0.546875,0.530719,304000,0.0,0.0
1990-01-08,0.546875,0.546875,0.53125,0.546875,0.530719,32000,0.0,0.0
1990-01-09,0.546875,0.546875,0.53125,0.53125,0.515556,204800,0.0,0.0
1990-01-10,0.53125,0.554688,0.53125,0.53125,0.515556,411200,0.0,0.0
1990-01-11,0.53125,0.554688,0.53125,0.546875,0.530719,483200,0.0,0.0
1990-01-12,0.546875,0.546875,0.5,0.5,0.485229,457600,0.0,0.0
1990-01-15,0.5,0.515625,0.5,0.5,0.485229,360000,0.0,0.0
1990-01-16,0.5,0.507813,0.492188,0.507813,0.492811,440000,0.0,0.0
1990-01-17,0.507813,0.523438,0.492188,0.515625,0.500392,1248000,0.0,0.0
1990-01-18,0.515625,0.515625,0.515625,0.515625,0.500392,0,0.0,0.0
1990-01-19,0.515625,0.539063,0.507813,0.539063,0.523137,1452800,0.0,0.0
1990-01-22,0.539063,0.539063,0.523438,0.539063,0.523137,387200,0.0,0.0
1990-01-23,0.53125,0.53125,0.523438,0.523438,0.507974,97600,0.0,0.0
1990-01-24,0.523438,0.53125,0.476563,0.5,0.485229,617600,0.0,0.0
1990-01-25,0.5,0.5,0.484375,0.484375,0.470065,361600,0.0,0.0
1990-01-26,0.484375,0.5,0.484375,0.484375,0.470065,316800,0.0,0.0
1990-01-29,0.5,0.523438,0.5,0.507813,0.492811,499200,0.0,0.0
1990-01-30,0.507813,0.515625,0.5,0.5,0.485229,425600,0.0,0.0
1990-01-31,0.5,0.523438,0.5,0.523438,0.507974,707200,0.0,0.0
1990-02-01,0.515625,0.515625,0.507813,0.507813,0.492811,115200,0.0,0.0
1990-02-02,0.507813,0.515625,0.492188,0.492188,0.477647,1622400,0.0,0.0
1990-02-05,0.492188,0.507813,0.492188,0.507813,0.492811,118400,0.0,0.0
1990-02-06,0.507813,0.507813,0.492188,0.507813,0.492811,1385600,0.0,0.0
1990-02-07,0.507813,0.515625,0.492188,0.515625,0.500392,208000,0.0,0.0
1990-02-08,0.515625,0.53125,0.515625,0.53125,0.515556,2328000,0.0,0.0
1990-02-09,0.53125,0.53125,0.515625,0.515625,0.500392,182400,0.0,0.0
1990-02-12,0.515625,0.539063,0.515625,0.523438,0.507974,1180800,0.0,0.0
1990-02-13,0.523438,0.539063,0.523438,0.539063,0.523137,120000,0.0,0.0
1990-02-14,0.539063,0.539063,0.523438,0.539063,0.523137,217600,0.0,0.0
1990-02-15,0.539063,0.539063,0.523438,0.523438,0.507974,126400,0.0,0.0
1990-02-16,0.523438,0.546875,0.523438,0.546875,0.530719,747200,0.0,0.0
1990-02-20,0.546875,0.546875,0.53125,0.546875,0.530719,228800,0.0,0.0
1990-02-21,0.546875,0.546875,0.539063,0.546875,0.530719,75200,0.0,0.0
1990-02-22,0.546875,0.59375,0.546875,0.585938,0.568628,3094400,0.0,0.0
1990-02-23,0.585938,0.585938,0.570313,0.585938,0.568628,632000,0.0,0.0
1990-02-26,0.585938,0.585938,0.578125,0.585938,0.568628,654400,0.0,0.0
1990-02-27,0.585938,0.59375,0.578125,0.59375,0.576209,300800,0.0,0.0
1990-02-28,0.59375,0.625,0.585938,0.609375,0.591372,3123200,0.0,0.0
1990-03-01,0.609375,0.609375,0.59375,0.609375,0.591372,1270400,0.0,0.0
1990-03-02,0.609375,0.609375,0.59375,0.601563,0.583791,953600,0.0,0.0
1990-03-05,0.601563,0.601563,0.59375,0.601563,0.583791,616000,0.0,0.0
1990-03-06,0.601563,0.601563,0.5625,0.585938,0.568628,822400,0.0,0.0
1990-03-07,0.585938,0.585938,0.570313,0.585938,0.568628,817600,0.0,0.0
1990-03-08,0.585938,0.585938,0.570313,0.578125,0.561046,366400,0.0,0.0
1990-03-09,0.578125,0.578125,0.570313,0.570313,0.553464,320000,0.0,0.0
1990-03-12,0.570313,0.578125,0.5625,0.570313,0.553464,960000,0.0,0.0
1990-03-13,0.570313,0.578125,0.5625,0.5625,0.545882,49600,0.0,0.0
1990-03-14,0.5625,0.570313,0.5625,0.570313,0.553464,46400,0.0,0.0
1990-03-15,0.570313,0.578125,0.5625,0.578125,0.561046,507200,0.0,0.0
1990-03-16,0.578125,0.578125,0.570313,0.578125,0.561046,1012800,0.0,0.0
1990-03-19,0.578125,0.578125,0.570313,0.578125,0.561046,929600,0.0,0.0
1990-03-20,0.578125,0.578125,0.570313,0.570313,0.553464,464000,0.0,0.0
1990-03-21,0.570313,0.578125,0.53125,0.554688,0.538301,12508800,0.0,0.0
1990-03-22,0.554688,0.570313,0.53125,0.546875,0.530719,4529600,0.0,0.0
1990-03-23,0.546875,0.5625,0.53125,0.53125,0.515556,987200,0.0,0.0
1990-03-26,0.546875,0.546875,0.53125,0.53125,0.515556,51200,0.0,0.0
1990-03-27,0.53125,0.539063,0.523438,0.539063,0.523137,532800,0.0,0.0
1990-03-28,0.53125,0.546875,0.53125,0.546875,0.530719,65600,0.0,0.0
1990-03-29,0.53125,0.546875,0.53125,0.539063,0.523137,227200,0.0,0.0
1990-03-30,0.53125,0.546875,0.53125,0.53125,0.515556,555200,0.0,0.0
1990-04-02,0.546875,0.546875,0.539063,0.539063,0.523137,86400,0.0,0.0
1990-04-03,0.546875,0.585938,0.546875,0.570313,0.553464,1124800,0.0,0.0
1990-04-04,0.585938,0.585938,0.5625,0.570313,0.553464,3081600,0.0,0.0
1990-04-05,0.578125,0.59375,0.5625,0.578125,0.561046,500800,0.0,0.0
1990-04-06,0.625,0.742188,0.625,0.742188,0.720262,10040000,0.0,0.0
1990-04-09,0.742188,0.742188,0.6875,0.703125,0.682353,5342400,0.0,0.0
1990-04-10,0.703125,0.703125,0.679688,0.6875,0.667189,3008000,0.0,0.0
1990-04-11,0.695313,0.695313,0.671875,0.671875,0.652026,513600,0.0,0.0
1990-04-12,0.664063,0.679688,0.65625,0.671875,0.652026,2334400,0.0,0.0
1990-04-16,0.671875,0.734375,0.671875,0.726563,0.705098,3945600,0.0,0.0
1990-04-17,0.726563,0.734375,0.703125,0.71875,0.697516,3857600,0.0,0.0
1990-04-18,0.734375,0.75,0.71875,0.742188,0.720262,1016000,0.0,0.0
1990-04-19,0.734375,0.8125,0.734375,0.8125,0.788496,3273600,0.0,0.0
1990-04-20,0.8125,0.820313,0.773438,0.78125,0.75817,2622400,0.0,0.0
1990-04-23,0.796875,0.796875,0.765625,0.773438,0.750588,3491200,0.0,0.0
1990-04-24,0.789063,0.804688,0.773438,0.789063,0.765752,1857600,0.0,0.0
1990-04-25,0.804688,0.8125,0.789063,0.796875,0.773333,2246400,0.0,0.0
1990-04-26,0.8125,0.84375,0.8125,0.828125,0.80366,1059200,0.0,0.0
1990-04-27,0.84375,0.84375,0.820313,0.820313,0.796079,1984000,0.0,0.0
1990-04-30,0.835938,0.898438,0.820313,0.890625,0.864313,3134400,0.0,0.0
1990-05-01,0.90625,0.914063,0.890625,0.890625,0.864313,848000,0.0,0.0
1990-05-02,0.90625,0.90625,0.875,0.875,0.84915,1889600,0.0,0.0
1990-05-03,0.898438,0.90625,0.882813,0.882813,0.856732,441600,0.0,0.0
1990-05-04,0.890625,0.898438,0.875,0.882813,0.856732,740800,0.0,0.0
1990-05-07,0.882813,0.914063,0.882813,0.890625,0.864313,1096000,0.0,0.0
1990-05-08,0.914063,0.960938,0.898438,0.960938,0.932549,2844800,0.0,0.0
1990-05-09,0.953125,0.960938,0.945313,0.953125,0.924967,3497600,0.0,0.0
1990-05-10,0.945313,0.960938,0.9375,0.945313,0.917386,3310400,0.0,0.0
1990-05-11,0.945313,0.953125,0.929688,0.945313,0.917386,3145600,0.0,0.0
1990-05-14,0.960938,0.976563,0.953125,0.976563,0.947713,4852800,0.0,0.0
1990-05-15,0.96875,0.976563,0.953125,0.953125,0.924967,2092800,0.0,0.0
1990-05-16,0.953125,0.96875,0.953125,0.960938,0.932549,302400,0.0,0.0
1990-05-17,0.960938,0.96875,0.953125,0.96875,0.94013,1232000,0.0,0.0
1990-05-18,0.960938,0.96875,0.953125,0.953125,0.924967,2961600,0.0,0.0
1990-05-21,0.953125,0.96875,0.929688,0.9375,0.909804,2056000,0.0,0.0
1990-05-22,0.929688,0.945313,0.929688,0.945313,0.917386,1004800,0.0,0.0
1990-05-23,0.929688,0.953125,0.929688,0.953125,0.924967,3284800,0.0,0.0
1990-05-24,0.953125,0.992188,0.9375,0.992188,0.962876,4632000,0.0,0.0
1990-05-25,0.976563,1.039063,0.976563,1.03125,1.000784,3019200,0.0,0.0
1990-05-29,1.03125,1.039063,1.015625,1.023438,0.993203,1246400,0.0,0.0
1990-05-30,1.03125,1.054688,1.03125,1.03125,1.000784,2716800,0.0,0.0
1990-05-31,1.046875,1.046875,1.03125,1.039063,1.008366,1691200,0.0,0.0
1990-06-01,1.039063,1.039063,1.0,1.015625,0.985621,1136000,0.0,0.0
1990-06-04,1.023438,1.023438,1.0,1.007813,0.978039,257600,0.0,0.0
1990-06-05,1.007813,1.023438,0.953125,0.953125,0.924967,880000,0.0,0.0
1990-06-06,0.953125,0.953125,0.90625,0.90625,0.879477,1577600,0.0,0.0
1990-06-07,0.90625,0.929688,0.851563,0.867188,0.841569,1921600,0.0,0.0
1990-06-08,0.851563,0.867188,0.820313,0.835938,0.811242,1019200,0.0,0.0
1990-06-11,0.84375,0.921875,0.84375,0.914063,0.887059,2772800,0.0,0.0
1990-06-12,0.914063,0.976563,0.90625,0.96875,0.94013,5424000,0.0,0.0
1990-06-13,0.984375,0.992188,0.953125,0.960938,0.932549,1921600,0.0,0.0
1990-06-14,0.976563,0.976563,0.945313,0.960938,0.932549,940800,0.0,0.0
1990-06-15,0.960938,0.960938,0.945313,0.945313,0.917386,344000,0.0,0.0
1990-06-18,0.953125,0.960938,0.890625,0.90625,0.879477,1372800,0.0,0.0
1990-06-19,0.890625,0.90625,0.890625,0.90625,0.879477,361600,0.0,0.0
1990-06-20,0.882813,0.929688,0.882813,0.921875,0.89464,657600,0.0,0.0
1990-06-21,0.929688,0.929688,0.898438,0.90625,0.879477,1320000,0.0,0.0
1990-06-22,0.914063,0.960938,0.914063,0.9375,0.909804,2358400,0.0,0.0
1990-06-25,0.9375,0.9375,0.898438,0.921875,0.89464,603200,0.0,0.0
1990-06-26,0.921875,0.945313,0.921875,0.9375,0.909804,1251200,0.0,0.0
1990-06-27,0.9375,0.945313,0.921875,0.9375,0.909804,657600,0.0,0.0
1990-06-28,0.953125,0.992188,0.945313,0.953125,0.924967,1929600,0.0,0.0
1990-06-29,0.96875,1.046875,0.96875,1.046875,1.015947,4801600,0.0,0.0
1990-07-02,1.046875,1.046875,1.023438,1.023438,0.993203,859200,0.0,0.0
1990-07-03,1.023438,1.03125,1.023438,1.03125,1.000784,132800,0.0,0.0
1990-07-05,1.023438,1.03125,1.007813,1.007813,0.978039,801600,0.0,0.0
1990-07-06,1.007813,1.007813,0.976563,0.992188,0.962876,672000,0.0,0.0
1990-07-09,0.992188,0.992188,0.945313,0.945313,0.917386,332800,0.0,0.0
1990-07-10,0.9375,0.953125,0.90625,0.9375,0.909804,3113600,0.0,0.0
1990-07-11,0.914063,0.960938,0.914063,0.945313,0.917386,1582400,0.0,0.0
1990-07-12,0.960938,1.039063,0.945313,1.03125,1.000784,2736000,0.0,0.0
1990-07-13,1.039063,1.039063,1.023438,1.03125,1.000784,1851200,0.0,0.0
1990-07-16,1.03125,1.039063,1.015625,1.03125,1.000784,1905600,0.0,0.0
1990-07-17,1.015625,1.03125,0.960938,0.96875,0.94013,1681600,0.0,0.0
1990-07-18,0.945313,0.960938,0.890625,0.90625,0.879477,2244800,0.0,0.0
1990-07-19,0.898438,0.914063,0.882813,0.890625,0.864313,560000,0.0,0.0
1990-07-20,0.890625,0.890625,0.851563,0.875,0.84915,1156800,0.0,0.0
1990-07-23,0.851563,0.867188,0.726563,0.796875,0.773333,2945600,0.0,0.0
1990-07-24,0.804688,0.875,0.765625,0.859375,0.833987,2808000,0.0,0.0
1990-07-25,0.882813,0.898438,0.867188,0.898438,0.871896,2036800,0.0,0.0
1990-07-26,0.890625,0.898438,0.875,0.890625,0.864313,673600,0.0,0.0
1990-07-27,0.890625,0.890625,0.8125,0.828125,0.80366,1918400,0.0,0.0
1990-07-30,0.804688,0.820313,0.78125,0.804688,0.780915,608000,0.0,0.0
1990-07-31,0.804688,0.804688,0.773438,0.773438,0.750588,385600,0.0,0.0
1990-08-01,0.773438,0.820313,0.773438,0.804688,0.780915,2187200,0.0,0.0
1990-08-02,0.78125,0.8125,0.78125,0.8125,0.788496,907200,0.0,0.0
1990-08-03,0.8125,0.8125,0.789063,0.8125,0.788496,1904000,0.0,0.0
1990-08-06,0.78125,0.78125,0.734375,0.75,0.727843,1448000,0.0,0.0
1990-08-07,0.757813,0.789063,0.757813,0.765625,0.743006,1214400,0.0,0.0
1990-08-08,0.789063,0.820313,0.789063,0.796875,0.773333,1200000,0.0,0.0
1990-08-09,0.804688,0.804688,0.789063,0.789063,0.765752,1019200,0.0,0.0
1990-08-10,0.78125,0.796875,0.765625,0.765625,0.743006,406400,0.0,0.0
1990-08-13,0.773438,0.796875,0.757813,0.796875,0.773333,747200,0.0,0.0
1990-08-14,0.796875,0.796875,0.78125,0.796875,0.773333,299200,0.0,0.0
1990-08-15,0.796875,0.796875,0.765625,0.765625,0.743006,667200,0.0,0.0
1990-08-16,0.765625,0.765625,0.703125,0.710938,0.689935,1473600,0.0,0.0
1990-08-17,0.6875,0.710938,0.664063,0.664063,0.644445,1145600,0.0,0.0
1990-08-20,0.664063,0.679688,0.640625,0.648438,0.629281,561600,0.0,0.0
1990-08-21,0.648438,0.648438,0.585938,0.617188,0.598955,1217600,0.0,0.0
1990-08-22,0.632813,0.65625,0.625,0.648438,0.629281,872000,0.0,0.0
1990-08-23,0.625,0.640625,0.617188,0.632813,0.614118,816000,0.0,0.0
1990-08-24,0.640625,0.648438,0.625,0.648438,0.629281,512000,0.0,0.0
1990-08-27,0.65625,0.695313,0.648438,0.695313,0.674771,1283200,0.0,0.0
1990-08-28,0.679688,0.75,0.679688,0.742188,0.720262,1435200,0.0,0.0
1990-08-29,0.734375,0.75,0.71875,0.75,0.727843,768000,0.0,0.0
1990-08-30,0.734375,0.75,0.734375,0.75,0.727843,577600,0.0,0.0
1990-08-31,0.734375,0.773438,0.734375,0.773438,0.750588,227200,0.0,0.0
1990-09-04,0.757813,0.757813,0.726563,0.734375,0.712679,2075200,0.0,0.0
1990-09-05,0.734375,0.734375,0.710938,0.71875,0.697516,507200,0.0,0.0
1990-09-06,0.695313,0.695313,0.648438,0.648438,0.629281,1804800,0.0,0.0
1990-09-07,0.640625,0.648438,0.5625,0.601563,0.583791,3048000,0.0,0.0
1990-09-10,0.625,0.632813,0.585938,0.59375,0.576209,1371200,0.0,0.0
1990-09-11,0.59375,0.59375,0.53125,0.554688,0.538301,2395200,0.0,0.0
1990-09-12,0.5625,0.578125,0.554688,0.554688,0.538301,1828800,0.0,0.0
1990-09-13,0.5625,0.585938,0.546875,0.546875,0.530719,1862400,0.0,0.0
1990-09-14,0.539063,0.546875,0.523438,0.53125,0.515556,577600,0.0,0.0
1990-09-17,0.539063,0.539063,0.484375,0.5,0.485229,966400,0.0,0.0
1990-09-18,0.5,0.515625,0.484375,0.492188,0.477647,1838400,0.0,0.0
1990-09-19,0.507813,0.5625,0.5,0.5625,0.545882,1523200,0.0,0.0
1990-09-20,0.554688,0.554688,0.539063,0.554688,0.538301,328000,0.0,0.0
1990-09-21,0.539063,0.546875,0.523438,0.53125,0.515556,185600,0.0,0.0
1990-09-24,0.523438,0.539063,0.492188,0.492188,0.477647,326400,0.0,0.0
1990-09-25,0.515625,0.539063,0.5,0.53125,0.515556,1478400,0.0,0.0
1990-09-26,0.570313,0.570313,0.523438,0.53125,0.515556,536000,0.0,0.0
1990-09-27,0.523438,0.523438,0.492188,0.5,0.485229,1350400,0.0,0.0
1990-09-28,0.492188,0.53125,0.492188,0.523438,0.507974,609600,0.0,0.0
1990-10-01,0.570313,0.585938,0.539063,0.5625,0.545882,1091200,0.0,0.0
1990-10-02,0.59375,0.59375,0.546875,0.554688,0.538301,6654400,0.0,0.0
1990-10-03,0.546875,0.546875,0.515625,0.515625,0.500392,542400,0.0,0.0
1990-10-04,0.492188,0.507813,0.492188,0.507813,0.492811,196800,0.0,0.0
1990-10-05,0.5,0.523438,0.492188,0.515625,0.500392,598400,0.0,0.0
1990-10-08,0.515625,0.515625,0.507813,0.507813,0.492811,265600,0.0,0.0
1990-10-09,0.515625,0.515625,0.5,0.5,0.485229,344000,0.0,0.0
1990-10-10,0.507813,0.507813,0.5,0.5,0.485229,166400,0.0,0.0
1990-10-11,0.507813,0.507813,0.382813,0.398438,0.386667,4432000,0.0,0.0
1990-10-12,0.414063,0.484375,0.398438,0.484375,0.470065,6825600,0.0,0.0
1990-10-15,0.515625,0.523438,0.476563,0.476563,0.462484,1934400,0.0,0.0
1990-10-16,0.484375,0.523438,0.484375,0.507813,0.492811,707200,0.0,0.0
1990-10-17,0.5,0.515625,0.5,0.507813,0.492811,244800,0.0,0.0
1990-10-18,0.523438,0.546875,0.507813,0.523438,0.507974,2316800,0.0,0.0
1990-10-19,0.53125,0.5625,0.53125,0.546875,0.530719,1860800,0.0,0.0
1990-10-22,0.554688,0.578125,0.554688,0.554688,0.538301,246400,0.0,0.0
1990-10-23,0.578125,0.585938,0.554688,0.585938,0.568628,1451200,0.0,0.0
1990-10-24,0.570313,0.59375,0.570313,0.59375,0.576209,334400,0.0,0.0
1990-10-25,0.59375,0.601563,0.585938,0.585938,0.568628,2508800,0.0,0.0
1990-10-26,0.578125,0.578125,0.53125,0.53125,0.515556,1596800,0.0,0.0
1990-10-29,0.53125,0.53125,0.484375,0.492188,0.477647,1513600,0.0,0.0
1990-10-30,0.5,0.515625,0.492188,0.492188,0.477647,696000,0.0,0.0
1990-10-31,0.515625,0.515625,0.46875,0.476563,0.462484,4892800,0.0,0.0
1990-11-01,0.484375,0.515625,0.484375,0.515625,0.500392,4388800,0.0,0.0
1990-11-02,0.523438,0.523438,0.507813,0.515625,0.500392,494400,0.0,0.0
1990-11-05,0.507813,0.539063,0.507813,0.539063,0.523137,779200,0.0,0.0
1990-11-06,0.539063,0.554688,0.53125,0.546875,0.530719,545600,0.0,0.0
1990-11-07,0.539063,0.539063,0.523438,0.523438,0.507974,211200,0.0,0.0
1990-11-08,0.539063,0.546875,0.523438,0.523438,0.507974,435200,0.0,0.0
1990-11-09,0.53125,0.546875,0.53125,0.53125,0.515556,91200,0.0,0.0
1990-11-12,0.546875,0.578125,0.539063,0.578125,0.561046,814400,0.0,0.0
1990-11-13,0.578125,0.601563,0.578125,0.59375,0.576209,750400,0.0,0.0
1990-11-14,0.585938,0.617188,0.585938,0.601563,0.583791,691200,0.0,0.0
1990-11-15,0.59375,0.617188,0.585938,0.59375,0.576209,481600,0.0,0.0
1990-11-16,0.578125,0.59375,0.578125,0.585938,0.568628,854400,0.0,0.0
1990-11-19,0.585938,0.601563,0.578125,0.578125,0.561046,289600,0.0,0.0
1990-11-20,0.578125,0.578125,0.554688,0.5625,0.545882,363200,0.0,0.0
1990-11-21,0.554688,0.554688,0.5,0.5,0.485229,1188800,0.0,0.0
1990-11-23,0.5,0.523438,0.5,0.523438,0.507974,96000,0.0,0.0
1990-11-26,0.5,0.515625,0.429688,0.445313,0.432157,2185600,0.0,0.0
1990-11-27,0.453125,0.476563,0.445313,0.476563,0.462484,1908800,0.0,0.0
1990-11-28,0.460938,0.507813,0.460938,0.5,0.485229,5120000,0.0,0.0
1990-11-29,0.507813,0.515625,0.492188,0.5,0.485229,660800,0.0,0.0
1990-11-30,0.507813,0.515625,0.5,0.515625,0.500392,1731200,0.0,0.0
1990-12-03,0.507813,0.515625,0.5,0.515625,0.500392,1960000,0.0,0.0
1990-12-04,0.507813,0.53125,0.507813,0.523438,0.507974,788800,0.0,0.0
1990-12-05,0.53125,0.546875,0.515625,0.53125,0.515556,625600,0.0,0.0
1990-12-06,0.554688,0.570313,0.546875,0.5625,0.545882,2185600,0.0,0.0
1990-12-07,0.5625,0.5625,0.546875,0.546875,0.530719,2140800,0.0,0.0
1990-12-10,0.546875,0.5625,0.546875,0.5625,0.545882,164800,0.0,0.0
1990-12-11,0.570313,0.601563,0.5625,0.578125,0.561046,1614400,0.0,0.0
1990-12-12,0.578125,0.601563,0.578125,0.601563,0.583791,3360000,0.0,0.0
1990-12-13,0.601563,0.601563,0.570313,0.578125,0.561046,2390400,0.0,0.0
1990-12-14,0.570313,0.59375,0.5625,0.570313,0.553464,953600,0.0,0.0
1990-12-17,0.546875,0.554688,0.539063,0.546875,0.530719,524800,0.0,0.0
1990-12-18,0.546875,0.554688,0.546875,0.546875,0.530719,441600,0.0,0.0
1990-12-19,0.546875,0.5625,0.546875,0.554688,0.538301,4292800,0.0,0.0
1990-12-20,0.554688,0.5625,0.546875,0.5625,0.545882,2150400,0.0,0.0
1990-12-21,0.5625,0.570313,0.554688,0.570313,0.553464,716800,0.0,0.0
1990-12-24,0.5625,0.578125,0.5625,0.570313,0.553464,1513600,0.0,0.0
1990-12-26,0.570313,0.585938,0.5625,0.585938,0.568628,611200,0.0,0.0
1990-12-27,0.585938,0.585938,0.5625,0.570313,0.553464,603200,0.0,0.0
1990-12-28,0.5625,0.578125,0.5625,0.578125,0.561046,1281600,0.0,0.0
1990-12-31,0.5625,0.59375,0.5625,0.585938,0.568628,948800,0.0,0.0
1991-01-02,0.59375,0.609375,0.585938,0.59375,0.576209,406400,0.0,0.0
1991-01-03,0.601563,0.601563,0.578125,0.585938,0.568628,752000,0.0,0.0
1991-01-04,0.570313,0.59375,0.570313,0.570313,0.553464,350400,0.0,0.0
1991-01-07,0.570313,0.570313,0.554688,0.5625,0.545882,880000,0.0,0.0
1991-01-08,0.554688,0.570313,0.554688,0.570313,0.553464,153600,0.0,0.0
1991-01-09,0.570313,0.609375,0.5625,0.585938,0.568628,915200,0.0,0.0
1991-01-10,0.59375,0.59375,0.578125,0.585938,0.568628,683200,0.0,0.0
1991-01-11,0.578125,0.609375,0.578125,0.609375,0.591372,163200,0.0,0.0
1991-01-14,0.585938,0.585938,0.5625,0.5625,0.545882,1723200,0.0,0.0
1991-01-15,0.578125,0.585938,0.5625,0.5625,0.545882,942400,0.0,0.0
1991-01-16,0.578125,0.609375,0.5625,0.601563,0.583791,1452800,0.0,0.0
1991-01-17,0.648438,0.664063,0.632813,0.65625,0.636863,10976000,0.0,0.0
1991-01-18,0.65625,0.6875,0.640625,0.6875,0.667189,2446400,0.0,0.0
1991-01-21,0.671875,0.75,0.671875,0.75,0.727843,2825600,0.0,0.0
1991-01-22,0.757813,0.765625,0.734375,0.734375,0.712679,6137600,0.0,0.0
1991-01-23,0.742188,0.742188,0.6875,0.703125,0.682353,2819200,0.0,0.0
1991-01-24,0.703125,0.765625,0.695313,0.75,0.727843,4921600,0.0,0.0
1991-01-25,0.75,0.804688,0.75,0.804688,0.780915,3104000,0.0,0.0
1991-01-28,0.8125,0.828125,0.804688,0.828125,0.80366,3940800,0.0,0.0
1991-01-29,0.8125,0.8125,0.773438,0.796875,0.773333,1387200,0.0,0.0
1991-01-30,0.820313,0.84375,0.796875,0.835938,0.811242,13377600,0.0,0.0
1991-01-31,0.835938,0.84375,0.765625,0.804688,0.780915,1488000,0.0,0.0
1991-02-01,0.804688,0.828125,0.804688,0.820313,0.796079,3321600,0.0,0.0
1991-02-04,0.820313,0.835938,0.8125,0.820313,0.796079,4897600,0.0,0.0
1991-02-05,0.835938,0.890625,0.820313,0.875,0.84915,11881600,0.0,0.0
1991-02-06,0.890625,0.9375,0.882813,0.9375,0.909804,6974400,0.0,0.0
1991-02-07,0.9375,0.96875,0.929688,0.96875,0.94013,6715200,0.0,0.0
1991-02-08,0.960938,0.984375,0.953125,0.960938,0.932549,5353600,0.0,0.0
1991-02-11,0.96875,1.015625,0.945313,1.015625,0.985621,7937600,0.0,0.0
1991-02-12,1.015625,1.046875,1.007813,1.039063,1.008366,10844800,0.0,0.0
1991-02-13,1.039063,1.070313,1.03125,1.054688,1.02353,9272000,0.0,0.0
1991-02-14,1.070313,1.085938,1.023438,1.023438,0.993203,4374400,0.0,0.0
1991-02-15,1.039063,1.0625,1.023438,1.023438,0.993203,1246400,0.0,0.0
1991-02-19,1.039063,1.054688,1.023438,1.039063,1.008366,1990400,0.0,0.0
1991-02-20,1.03125,1.054688,1.03125,1.039063,1.008366,3851200,0.0,0.0
1991-02-21,1.03125,1.054688,1.03125,1.039063,1.008366,2846400,0.0,0.0
1991-02-22,1.039063,1.070313,1.039063,1.046875,1.015947,4921600,0.0,0.0
1991-02-25,1.0625,1.0625,1.046875,1.054688,1.02353,2960000,0.0,0.0
1991-02-26,1.046875,1.054688,1.0,1.0,0.970457,2704000,0.0,0.0
1991-02-27,1.0,1.0,0.960938,0.960938,0.932549,2385600,0.0,0.0
1991-02-28,0.976563,0.992188,0.960938,0.96875,0.94013,3884800,0.0,0.0
1991-03-01,0.960938,0.984375,0.960938,0.984375,0.955294,2305600,0.0,0.0
1991-03-04,0.96875,1.007813,0.96875,1.0,0.970457,1502400,0.0,0.0
1991-03-05,1.007813,1.125,0.992188,1.125,1.091764,5140800,0.0,0.0
1991-03-06,1.132813,1.15625,1.078125,1.078125,1.046274,3979200,0.0,0.0
1991-03-07,1.085938,1.101563,1.054688,1.09375,1.061438,2926400,0.0,0.0
1991-03-08,1.101563,1.140625,1.09375,1.132813,1.099347,1763200,0.0,0.0
1991-03-11,1.125,1.125,1.039063,1.070313,1.038693,2688000,0.0,0.0
1991-03-12,1.046875,1.09375,1.023438,1.03125,1.000784,7360000,0.0,0.0
1991-03-13,1.023438,1.109375,1.023438,1.109375,1.076601,2662400,0.0,0.0
1991-03-14,1.101563,1.203125,1.101563,1.171875,1.137255,6560000,0.0,0.0
1991-03-15,1.171875,1.195313,1.148438,1.15625,1.122091,2094400,0.0,0.0
1991-03-18,1.164063,1.164063,1.117188,1.125,1.091764,1628800,0.0,0.0
1991-03-19,1.117188,1.117188,1.078125,1.109375,1.076601,1283200,0.0,0.0
1991-03-20,1.09375,1.117188,1.09375,1.117188,1.084183,435200,0.0,0.0
1991-03-21,1.117188,1.117188,1.09375,1.117188,1.084183,1536000,0.0,0.0
1991-03-22,1.101563,1.117188,1.09375,1.117188,1.084183,608000,0.0,0.0
1991-03-25,1.101563,1.15625,1.101563,1.15625,1.122091,2008000,0.0,0.0
1991-03-26,1.164063,1.164063,1.132813,1.15625,1.122091,673600,0.0,0.0
1991-03-27,1.15625,1.179688,1.15625,1.15625,1.122091,1918400,0.0,0.0
1991-03-28,1.15625,1.179688,1.15625,1.179688,1.144837,1088000,0.0,0.0
1991-04-01,1.171875,1.179688,1.109375,1.109375,1.076601,1043200,0.0,0.0
1991-04-02,1.117188,1.132813,1.109375,1.125,1.091764,974400,0.0,0.0
1991-04-03,1.140625,1.148438,1.125,1.132813,1.099347,721600,0.0,0.0
1991-04-04,1.140625,1.226563,1.140625,1.226563,1.190327,4120000,0.0,0.0
1991-04-05,1.226563,1.242188,1.203125,1.21875,1.182745,2406400,0.0,0.0
1991-04-08,1.226563,1.226563,1.210938,1.226563,1.190327,320000,0.0,0.0
1991-04-09,1.226563,1.226563,1.203125,1.226563,1.190327,2704000,0.0,0.0
1991-04-10,1.203125,1.21875,1.203125,1.21875,1.182745,627200,0.0,0.0
1991-04-11,1.21875,1.257813,1.210938,1.226563,1.190327,1644800,0.0,0.0
1991-04-12,1.25,1.265625,1.242188,1.257813,1.220653,1177600,0.0,0.0
1991-04-15,1.265625,1.265625,1.21875,1.25,1.213071,2033600,0.0,0.0
1991-04-16,1.234375,1.328125,1.234375,1.3125,1.273725,4393600,0.0,0.0
1991-04-17,1.335938,1.398438,1.3125,1.382813,1.341961,2782400,0.0,0.0
1991-04-18,1.382813,1.4375,1.359375,1.4375,1.395032,3171200,0.0,0.0
1991-04-19,1.453125,1.492188,1.390625,1.390625,1.349542,3401600,0.0,0.0
1991-04-22,1.359375,1.367188,1.257813,1.289063,1.25098,3326400,0.0,0.0
1991-04-23,1.304688,1.328125,1.226563,1.304688,1.266144,2612800,0.0,0.0
1991-04-24,1.296875,1.359375,1.296875,1.351563,1.311634,2572800,0.0,0.0
1991-04-25,1.335938,1.351563,1.335938,1.335938,1.296471,385600,0.0,0.0
1991-04-26,1.351563,1.359375,1.328125,1.351563,1.311634,2297600,0.0,0.0
1991-04-29,1.359375,1.359375,1.335938,1.351563,1.311634,1166400,0.0,0.0
1991-04-30,1.34375,1.359375,1.210938,1.265625,1.228235,4876800,0.0,0.0
1991-05-01,1.25,1.28125,1.203125,1.28125,1.243398,2299200,0.0,0.0
1991-05-02,1.320313,1.40625,1.3125,1.382813,1.341961,4380800,0.0,0.0
1991-05-03,1.367188,1.398438,1.367188,1.390625,1.349542,1604800,0.0,0.0
1991-05-06,1.375,1.414063,1.375,1.398438,1.357124,2712000,0.0,0.0
1991-05-07,1.398438,1.421875,1.398438,1.40625,1.364705,2540800,0.0,0.0
1991-05-08,1.398438,1.460938,1.398438,1.4375,1.395032,1444800,0.0,0.0
1991-05-09,1.460938,1.46875,1.445313,1.46875,1.425359,2049600,0.0,0.0
1991-05-10,1.453125,1.46875,1.4375,1.453125,1.410195,2464000,0.0,0.0
1991-05-13,1.4375,1.460938,1.414063,1.429688,1.387451,1337600,0.0,0.0
1991-05-14,1.414063,1.414063,1.382813,1.390625,1.349542,785600,0.0,0.0
1991-05-15,1.351563,1.382813,1.34375,1.34375,1.304052,1270400,0.0,0.0
1991-05-16,1.34375,1.359375,1.34375,1.351563,1.311634,468800,0.0,0.0
1991-05-17,1.34375,1.359375,1.3125,1.3125,1.273725,2404800,0.0,0.0
1991-05-20,1.3125,1.335938,1.289063,1.289063,1.25098,390400,0.0,0.0
1991-05-21,1.304688,1.328125,1.304688,1.304688,1.266144,548800,0.0,0.0
1991-05-22,1.3125,1.351563,1.304688,1.320313,1.281307,1044800,0.0,0.0
1991-05-23,1.304688,1.328125,1.28125,1.296875,1.258562,979200,0.0,0.0
1991-05-24,1.296875,1.328125,1.28125,1.328125,1.288889,1403200,0.0,0.0
1991-05-28,1.328125,1.359375,1.328125,1.359375,1.319215,440000,0.0,0.0
1991-05-29,1.359375,1.414063,1.359375,1.398438,1.357124,2284800,0.0,0.0
1991-05-30,1.414063,1.460938,1.398438,1.429688,1.387451,2363200,0.0,0.0
1991-05-31,1.4375,1.4375,1.367188,1.367188,1.326797,1662400,0.0,0.0
1991-06-03,1.289063,1.34375,1.242188,1.304688,1.266144,5696000,0.0,0.0
1991-06-04,1.320313,1.320313,1.28125,1.28125,1.243398,2787200,0.0,0.0
1991-06-05,1.273438,1.304688,1.273438,1.296875,1.258562,969600,0.0,0.0
1991-06-06,1.289063,1.3125,1.289063,1.289063,1.25098,73600,0.0,0.0
1991-06-07,1.304688,1.304688,1.289063,1.304688,1.266144,1755200,0.0,0.0
1991-06-10,1.296875,1.3125,1.296875,1.304688,1.266144,1350400,0.0,0.0
1991-06-11,1.296875,1.3125,1.257813,1.265625,1.228235,988800,0.0,0.0
1991-06-12,1.234375,1.25,1.203125,1.203125,1.167581,3132800,0.0,0.0
1991-06-13,1.1875,1.1875,1.109375,1.140625,1.106928,4932800,0.0,0.0
1991-06-14,1.148438,1.15625,1.132813,1.140625,1.106928,3750400,0.0,0.0
1991-06-17,1.164063,1.164063,1.125,1.15625,1.122091,3227200,0.0,0.0
1991-06-18,1.148438,1.164063,1.132813,1.148438,1.11451,1209600,0.0,0.0
1991-06-19,1.125,1.140625,1.117188,1.132813,1.099347,678400,0.0,0.0
1991-06-20,1.109375,1.140625,1.109375,1.125,1.091764,2302400,0.0,0.0
1991-06-21,1.125,1.140625,1.125,1.140625,1.106928,1012800,0.0,0.0
1991-06-24,1.148438,1.148438,1.109375,1.109375,1.076601,1563200,0.0,0.0
1991-06-25,1.117188,1.132813,1.0625,1.0625,1.031111,732800,0.0,0.0
1991-06-26,1.0625,1.070313,1.023438,1.03125,1.000784,5313600,0.0,0.0
1991-06-27,1.046875,1.046875,1.023438,1.039063,1.008366,620800,0.0,0.0
1991-06-28,1.023438,1.085938,1.015625,1.070313,1.038693,3080000,0.0,0.0
1991-07-01,1.0625,1.164063,1.0625,1.164063,1.129673,4979200,0.0,0.0
1991-07-02,1.148438,1.164063,1.140625,1.15625,1.122091,1497600,0.0,0.0
1991-07-03,1.15625,1.15625,1.101563,1.101563,1.069019,2382400,0.0,0.0
1991-07-05,1.117188,1.117188,1.09375,1.09375,1.061438,195200,0.0,0.0
1991-07-08,1.078125,1.132813,1.078125,1.132813,1.099347,929600,0.0,0.0
1991-07-09,1.132813,1.148438,1.125,1.125,1.091764,603200,0.0,0.0
1991-07-10,1.132813,1.148438,1.125,1.132813,1.099347,1195200,0.0,0.0
1991-07-11,1.148438,1.203125,1.132813,1.195313,1.16,2363200,0.0,0.0
1991-07-12,1.203125,1.242188,1.1875,1.226563,1.190327,1201600,0.0,0.0
1991-07-15,1.226563,1.226563,1.203125,1.203125,1.167581,153600,0.0,0.0
1991-07-16,1.203125,1.21875,1.203125,1.203125,1.167581,75200,0.0,0.0
1991-07-17,1.1875,1.203125,1.1875,1.195313,1.16,864000,0.0,0.0
1991-07-18,1.1875,1.203125,1.1875,1.1875,1.152418,81600,0.0,0.0
1991-07-19,1.203125,1.203125,1.1875,1.203125,1.167581,209600,0.0,0.0
1991-07-22,1.203125,1.203125,1.164063,1.171875,1.137255,536000,0.0,0.0
1991-07-23,1.179688,1.179688,1.132813,1.148438,1.11451,283200,0.0,0.0
1991-07-24,1.125,1.125,1.023438,1.070313,1.038693,5254400,0.0,0.0
1991-07-25,1.09375,1.148438,1.09375,1.132813,1.099347,2945600,0.0,0.0
1991-07-26,1.132813,1.132813,1.109375,1.125,1.091764,587200,0.0,0.0
1991-07-29,1.117188,1.117188,1.046875,1.070313,1.038693,2220800,0.0,0.0
1991-07-30,1.070313,1.171875,1.03125,1.164063,1.129673,11595200,0.0,0.0
1991-07-31,1.171875,1.242188,1.171875,1.203125,1.167581,1966400,0.0,0.0
1991-08-01,1.179688,1.203125,1.179688,1.203125,1.167581,270400,0.0,0.0
1991-08-02,1.1875,1.242188,1.179688,1.234375,1.197908,1555200,0.0,0.0
1991-08-05,1.234375,1.265625,1.234375,1.25,1.213071,484800,0.0,0.0
1991-08-06,1.257813,1.289063,1.257813,1.273438,1.235817,1382400,0.0,0.0
1991-08-07,1.273438,1.289063,1.273438,1.289063,1.25098,929600,0.0,0.0
1991-08-08,1.28125,1.289063,1.234375,1.242188,1.20549,454400,0.0,0.0
1991-08-09,1.242188,1.289063,1.226563,1.273438,1.235817,1187200,0.0,0.0
1991-08-12,1.273438,1.289063,1.273438,1.28125,1.243398,316800,0.0,0.0
1991-08-13,1.273438,1.34375,1.273438,1.320313,1.281307,5163200,0.0,0.0
1991-08-14,1.34375,1.34375,1.304688,1.3125,1.273725,228800,0.0,0.0
1991-08-15,1.304688,1.328125,1.296875,1.296875,1.258562,704000,0.0,0.0
1991-08-16,1.3125,1.335938,1.289063,1.289063,1.25098,1464000,0.0,0.0
1991-08-19,1.226563,1.265625,1.1875,1.265625,1.228235,1636800,0.0,0.0
1991-08-20,1.265625,1.265625,1.25,1.25,1.213071,467200,0.0,0.0
1991-08-21,1.257813,1.304688,1.257813,1.304688,1.266144,1412800,0.0,0.0
1991-08-22,1.375,1.507813,1.367188,1.484375,1.440522,5416000,0.0,0.0
1991-08-23,1.492188,1.507813,1.476563,1.492188,1.448104,3129600,0.0,0.0
1991-08-26,1.46875,1.5,1.46875,1.492188,1.448104,1388800,0.0,0.0
1991-08-27,1.484375,1.507813,1.46875,1.507813,1.463268,2272000,0.0,0.0
1991-08-28,1.507813,1.609375,1.5,1.59375,1.546666,11068800,0.0,0.0
1991-08-29,1.601563,1.695313,1.601563,1.679688,1.630065,6411200,0.0,0.0
1991-08-30,1.679688,1.703125,1.640625,1.703125,1.65281,2504000,0.0,0.0
1991-09-03,1.710938,1.75,1.679688,1.679688,1.630065,4625600,0.0,0.0
1991-09-04,1.671875,1.671875,1.609375,1.609375,1.561829,1828800,0.0,0.0
1991-09-05,1.578125,1.601563,1.554688,1.585938,1.539085,3056000,0.0,0.0
1991-09-06,1.609375,1.632813,1.609375,1.632813,1.584575,923200,0.0,0.0
1991-09-09,1.632813,1.65625,1.625,1.632813,1.584575,1580800,0.0,0.0
1991-09-10,1.648438,1.703125,1.632813,1.703125,1.65281,2843200,0.0,0.0
1991-09-11,1.71875,1.757813,1.703125,1.757813,1.705882,4731200,0.0,0.0
1991-09-12,1.75,1.773438,1.71875,1.71875,1.667973,3475200,0.0,0.0
1991-09-13,1.734375,1.742188,1.65625,1.664063,1.614902,1868800,0.0,0.0
1991-09-16,1.664063,1.6875,1.65625,1.6875,1.637646,2137600,0.0,0.0
1991-09-17,1.6875,1.734375,1.6875,1.710938,1.660392,2116800,0.0,0.0
1991-09-18,1.726563,1.726563,1.671875,1.6875,1.637646,2038400,0.0,0.0
1991-09-19,1.695313,1.695313,1.664063,1.679688,1.630065,2028800,0.0,0.0
1991-09-20,1.679688,1.710938,1.679688,1.679688,1.630065,2075200,0.0,0.0
1991-09-23,1.695313,1.703125,1.664063,1.664063,1.614902,1347200,0.0,0.0
1991-09-24,1.664063,1.6875,1.648438,1.65625,1.60732,1246400,0.0,0.0
1991-09-25,1.664063,1.664063,1.59375,1.617188,1.569412,1249600,0.0,0.0
1991-09-26,1.609375,1.609375,1.523438,1.5625,1.516339,2152000,0.0,0.0
1991-09-27,1.578125,1.59375,1.5625,1.578125,1.531503,1529600,0.0,0.0
1991-09-30,1.59375,1.59375,1.578125,1.578125,1.531503,3508800,0.0,0.0
1991-10-01,1.59375,1.726563,1.59375,1.703125,1.65281,2920000,0.0,0.0
1991-10-02,1.765625,1.835938,1.679688,1.679688,1.630065,3529600,0.0,0.0
1991-10-03,1.664063,1.679688,1.609375,1.609375,1.561829,636800,0.0,0.0
1991-10-04,1.625,1.648438,1.617188,1.640625,1.592156,2168000,0.0,0.0
1991-10-07,1.617188,1.640625,1.617188,1.625,1.576993,188800,0.0,0.0
1991-10-08,1.640625,1.6875,1.617188,1.679688,1.630065,371200,0.0,0.0
1991-10-09,1.6875,1.703125,1.671875,1.695313,1.645229,723200,0.0,0.0
1991-10-10,1.695313,1.695313,1.671875,1.695313,1.645229,673600,0.0,0.0
1991-10-11,1.6875,1.765625,1.6875,1.726563,1.675556,1988800,0.0,0.0
1991-10-14,1.75,1.820313,1.71875,1.796875,1.74379,750400,0.0,0.0
1991-10-15,1.859375,1.867188,1.796875,1.835938,1.781699,3073600,0.0,0.0
1991-10-16,1.84375,1.898438,1.828125,1.859375,1.804444,5476800,0.0,0.0
1991-10-17,1.835938,1.84375,1.8125,1.84375,1.78928,611200,0.0,0.0
1991-10-18,1.84375,1.84375,1.796875,1.8125,1.758954,1427200,0.0,0.0
1991-10-21,1.8125,1.859375,1.789063,1.851563,1.796862,963200,0.0,0.0
1991-10-22,1.90625,2.039063,1.90625,2.039063,1.978823,7491200,0.0,0.0
1991-10-23,2.039063,2.039063,1.882813,1.898438,1.842353,4136000,0.0,0.0
1991-10-24,1.890625,1.890625,1.796875,1.828125,1.774117,5038400,0.0,0.0
1991-10-25,1.8125,1.8125,1.773438,1.789063,1.736209,3792000,0.0,0.0
1991-10-28,1.773438,1.796875,1.773438,1.773438,1.721046,1097600,0.0,0.0
1991-10-29,1.804688,1.890625,1.789063,1.890625,1.834771,2984000,0.0,0.0
1991-10-30,1.914063,1.96875,1.90625,1.953125,1.895424,4196800,0.0,0.0
1991-10-31,1.945313,2.03125,1.945313,2.015625,1.956078,3854400,0.0,0.0
1991-11-01,2.015625,2.0625,2.0,2.046875,1.986405,4558400,0.0,0.0
1991-11-04,2.015625,2.054688,2.015625,2.054688,1.993987,2558400,0.0,0.0
1991-11-05,2.039063,2.054688,2.007813,2.03125,1.971241,1692800,0.0,0.0
1991-11-06,2.015625,2.039063,1.914063,1.945313,1.887843,4004800,0.0,0.0
1991-11-07,1.976563,2.0,1.921875,1.976563,1.91817,3724800,0.0,0.0
1991-11-08,2.0,2.0625,1.976563,2.039063,1.978823,4212800,0.0,0.0
1991-11-11,2.054688,2.085938,2.039063,2.078125,2.016732,849600,0.0,0.0
1991-11-12,2.078125,2.171875,2.078125,2.15625,2.092548,2051200,0.0,0.0
1991-11-13,2.132813,2.15625,2.109375,2.117188,2.05464,2308800,0.0,0.0
1991-11-14,2.140625,2.140625,2.117188,2.125,2.062222,2891200,0.0,0.0
1991-11-15,2.140625,2.140625,2.015625,2.023438,1.96366,3872000,0.0,0.0
1991-11-18,2.0,2.023438,1.914063,1.960938,1.903007,4904000,0.0,0.0
1991-11-19,1.921875,1.929688,1.78125,1.84375,1.78928,4104000,0.0,0.0
1991-11-20,1.875,1.984375,1.867188,1.945313,1.887843,2097600,0.0,0.0
1991-11-21,2.023438,2.125,2.015625,2.09375,2.031894,2641600,0.0,0.0
1991-11-22,2.070313,2.1875,2.070313,2.15625,2.092548,1816000,0.0,0.0
1991-11-25,2.140625,2.171875,2.125,2.140625,2.077385,2540800,0.0,0.0
1991-11-26,2.148438,2.15625,2.039063,2.070313,2.00915,1308800,0.0,0.0
1991-11-27,2.0625,2.078125,2.03125,2.078125,2.016732,622400,0.0,0.0
1991-11-29,2.046875,2.109375,2.046875,2.109375,2.047058,785600,0.0,0.0
1991-12-02,2.0625,2.070313,2.03125,2.070313,2.00915,1147200,0.0,0.0
1991-12-03,2.070313,2.195313,2.070313,2.164063,2.10013,2331200,0.0,0.0
1991-12-04,2.164063,2.273438,2.164063,2.210938,2.145621,4824000,0.0,0.0
1991-12-05,2.21875,2.25,2.1875,2.203125,2.138038,2652800,0.0,0.0
1991-12-06,2.1875,2.226563,2.171875,2.21875,2.153202,1512000,0.0,0.0
1991-12-09,2.21875,2.320313,2.210938,2.265625,2.198692,2054400,0.0,0.0
1991-12-10,2.242188,2.265625,2.226563,2.226563,2.160784,952000,0.0,0.0
1991-12-11,2.265625,2.304688,2.242188,2.265625,2.198692,1128000,0.0,0.0
1991-12-12,2.265625,2.3125,2.265625,2.3125,2.244183,918400,0.0,0.0
1991-12-13,2.3125,2.328125,2.296875,2.3125,2.244183,988800,0.0,0.0
1991-12-16,2.320313,2.320313,2.296875,2.320313,2.251764,3180800,0.0,0.0
1991-12-17,2.3125,2.320313,2.296875,2.3125,2.244183,1017600,0.0,0.0
1991-12-18,2.304688,2.320313,2.289063,2.3125,2.244183,1652800,0.0,0.0
1991-12-19,2.296875,2.304688,2.226563,2.234375,2.168365,4443200,0.0,0.0
1991-12-20,2.25,2.25,2.0625,2.0625,2.001568,5593600,0.0,0.0
1991-12-23,2.0625,2.1875,2.0625,2.179688,2.115294,3593600,0.0,0.0
1991-12-24,2.15625,2.1875,2.148438,2.179688,2.115294,1270400,0.0,0.0
1991-12-26,2.179688,2.195313,2.148438,2.1875,2.122876,2121600,0.0,0.0
1991-12-27,2.195313,2.210938,2.164063,2.195313,2.130457,1281600,0.0,0.0
1991-12-30,2.210938,2.28125,2.1875,2.234375,2.168365,1764800,0.0,0.0
1991-12-31,2.265625,2.40625,2.242188,2.390625,2.319999,2657600,0.0,0.0
1992-01-02,2.359375,2.359375,2.296875,2.351563,2.282091,1593600,0.0,0.0
1992-01-03,2.375,2.484375,2.34375,2.476563,2.403398,3515200,0.0,0.0
1992-01-06,2.484375,2.5625,2.460938,2.546875,2.471632,2275200,0.0,0.0
1992-01-07,2.554688,2.554688,2.476563,2.507813,2.433725,1100800,0.0,0.0
1992-01-08,2.46875,2.679688,2.460938,2.679688,2.600523,3481600,0.0,0.0
1992-01-09,2.703125,2.757813,2.632813,2.65625,2.577777,3004800,0.0,0.0
1992-01-10,2.632813,2.6875,2.484375,2.59375,2.517124,3057600,0.0,0.0
1992-01-13,2.632813,2.632813,2.554688,2.609375,2.532286,3216000,0.0,0.0
1992-01-14,2.632813,2.671875,2.609375,2.640625,2.562613,1756800,0.0,0.0
1992-01-15,2.6875,2.8125,2.65625,2.8125,2.729411,1950400,0.0,0.0
1992-01-16,2.78125,2.859375,2.71875,2.8125,2.729411,4017600,0.0,0.0
1992-01-17,2.8125,2.859375,2.796875,2.828125,2.744575,1430400,0.0,0.0
1992-01-20,2.796875,2.90625,2.671875,2.75,2.668757,5288000,0.0,0.0
1992-01-21,2.78125,2.820313,2.546875,2.625,2.54745,4345600,0.0,0.0
1992-01-22,2.648438,2.734375,2.625,2.671875,2.592941,1542400,0.0,0.0
1992-01-23,2.664063,2.703125,2.578125,2.59375,2.517124,1438400,0.0,0.0
1992-01-24,2.609375,2.703125,2.578125,2.625,2.54745,1286400,0.0,0.0
1992-01-27,2.65625,2.65625,2.484375,2.53125,2.45647,1510400,0.0,0.0
1992-01-28,2.578125,2.578125,2.46875,2.53125,2.45647,1329600,0.0,0.0
1992-01-29,2.484375,2.609375,2.484375,2.546875,2.471632,1592000,0.0,0.0
1992-01-30,2.570313,2.59375,2.53125,2.59375,2.517124,1244800,0.0,0.0
1992-01-31,2.5625,2.59375,2.5,2.5,2.426143,1385600,0.0,0.0
1992-02-03,2.53125,2.640625,2.484375,2.59375,2.517124,2094400,0.0,0.0
1992-02-04,2.640625,2.6875,2.640625,2.65625,2.577777,5860800,0.0,0.0
1992-02-05,2.6875,2.75,2.640625,2.6875,2.608104,8161600,0.0,0.0
1992-02-06,2.734375,2.8125,2.6875,2.8125,2.729411,5963200,0.0,0.0
1992-02-07,2.8125,2.8125,2.765625,2.78125,2.699084,2110400,0.0,0.0
1992-02-10,2.8125,2.921875,2.78125,2.875,2.790065,2924800,0.0,0.0
1992-02-11,2.859375,2.984375,2.828125,2.984375,2.896208,2257600,0.0,0.0
1992-02-12,2.953125,3.03125,2.9375,2.953125,2.865882,3174400,0.0,0.0
1992-02-13,3.0,3.03125,2.953125,2.953125,2.865882,5790400,0.0,0.0
1992-02-14,2.984375,3.015625,2.953125,2.984375,2.896208,3300800,0.0,0.0
1992-02-18,2.953125,3.0,2.890625,2.9375,2.850718,4164800,0.0,0.0
1992-02-19,2.875,2.96875,2.859375,2.953125,2.865882,3062400,0.0,0.0
1992-02-20,3.03125,3.09375,2.953125,3.070313,2.979607,2763200,0.0,0.0
1992-02-21,3.09375,3.15625,3.03125,3.15625,3.063006,3563200,0.0,0.0
1992-02-24,3.15625,3.234375,3.15625,3.203125,3.108496,3616000,0.0,0.0
1992-02-25,3.046875,3.09375,3.015625,3.046875,2.956862,3512000,0.0,0.0
1992-02-26,3.046875,3.0625,2.984375,2.984375,2.896208,1816000,0.0,0.0
1992-02-27,3.015625,3.03125,2.96875,2.984375,2.896208,3763200,0.0,0.0
1992-02-28,2.96875,3.0,2.90625,2.921875,2.835554,2804800,0.0,0.0
1992-03-02,2.953125,2.96875,2.84375,2.867188,2.782483,1542400,0.0,0.0
1992-03-03,2.890625,2.90625,2.859375,2.882813,2.797646,2577600,0.0,0.0
1992-03-04,2.890625,2.890625,2.8125,2.890625,2.805228,2094400,0.0,0.0
1992-03-05,2.875,2.875,2.78125,2.804688,2.72183,1484800,0.0,0.0
1992-03-06,2.8125,2.8125,2.703125,2.765625,2.683921,1764800,0.0,0.0
1992-03-09,2.78125,2.875,2.765625,2.828125,2.744575,1161600,0.0,0.0
1992-03-10,2.890625,2.9375,2.828125,2.9375,2.850718,1635200,0.0,0.0
1992-03-11,2.953125,2.96875,2.890625,2.9375,2.850718,1337600,0.0,0.0
1992-03-12,2.9375,2.9375,2.875,2.875,2.790065,1904000,0.0,0.0
1992-03-13,2.875,2.921875,2.78125,2.828125,2.744575,2184000,0.0,0.0
1992-03-16,2.828125,2.84375,2.765625,2.765625,2.683921,1086400,0.0,0.0
1992-03-17,2.8125,2.828125,2.78125,2.828125,2.744575,1763200,0.0,0.0
1992-03-18,2.828125,2.875,2.796875,2.859375,2.774901,832000,0.0,0.0
1992-03-19,2.84375,2.90625,2.8125,2.90625,2.820391,788800,0.0,0.0
1992-03-20,2.890625,3.0,2.890625,3.0,2.911372,803200,0.0,0.0
1992-03-23,2.96875,3.0,2.953125,2.953125,2.865882,1899200,0.0,0.0
1992-03-24,2.96875,3.015625,2.96875,3.0,2.911372,1894400,0.0,0.0
1992-03-25,2.96875,3.125,2.96875,3.125,3.032678,2787200,0.0,0.0
1992-03-26,3.140625,3.1875,3.03125,3.03125,2.941699,4092800,0.0,0.0
1992-03-27,3.0,3.03125,2.8125,2.875,2.790065,963200,0.0,2.0
1992-03-30,2.84375,2.84375,2.59375,2.75,2.668757,1814400,0.0,0.0
1992-03-31,2.84375,3.03125,2.78125,2.96875,2.881045,1841600,0.0,0.0
1992-04-01,2.875,3.0,2.875,3.0,2.911372,936000,0.0,0.0
1992-04-02,2.96875,3.0,2.90625,2.96875,2.881045,1156000,0.0,0.0
1992-04-03,2.96875,3.0,2.875,2.9375,2.850718,1233600,0.0,0.0
1992-04-06,3.0,3.03125,2.90625,2.953125,2.865882,1001600,0.0,0.0
1992-04-07,3.0,3.0,2.71875,2.75,2.668757,1771200,0.0,0.0
1992-04-08,2.75,2.75,2.5625,2.6875,2.608104,3591200,0.0,0.0
1992-04-09,2.75,3.0,2.671875,2.875,2.790065,2015200,0.0,0.0
1992-04-10,3.0,3.0,2.84375,2.84375,2.759737,1228800,0.0,0.0
1992-04-13,2.875,2.9375,2.84375,2.90625,2.820391,1649600,0.0,0.0
1992-04-14,2.84375,2.90625,2.8125,2.859375,2.774901,1829600,0.0,0.0
1992-04-15,2.84375,2.875,2.78125,2.84375,2.759737,1979200,0.0,0.0
1992-04-16,2.84375,3.03125,2.84375,2.96875,2.881045,1520800,0.0,0.0
1992-04-20,2.96875,2.96875,2.875,2.96875,2.881045,736000,0.0,0.0
1992-04-21,2.9375,3.0,2.875,2.9375,2.850718,1442400,0.0,0.0
1992-04-22,3.09375,3.15625,2.875,3.0,2.911372,5878400,0.0,0.0
1992-04-23,3.0,3.0,2.84375,2.875,2.790065,4332800,0.0,0.0
1992-04-24,2.8125,2.84375,2.75,2.796875,2.714247,1950400,0.0,0.0
1992-04-27,2.75,2.78125,2.71875,2.71875,2.63843,3508000,0.0,0.0
1992-04-28,2.6875,2.734375,2.3125,2.53125,2.45647,5179200,0.0,0.0
1992-04-29,2.5625,2.65625,2.4375,2.65625,2.577777,2464000,0.0,0.0
1992-04-30,2.65625,2.75,2.65625,2.75,2.668757,4544800,0.0,0.0
1992-05-01,2.71875,2.84375,2.71875,2.8125,2.729411,5789600,0.0,0.0
1992-05-04,2.875,2.9375,2.8125,2.9375,2.850718,2056800,0.0,0.0
1992-05-05,2.875,3.03125,2.78125,3.0,2.911372,4656000,0.0,0.0
1992-05-06,2.9375,3.0,2.875,2.96875,2.881045,1539200,0.0,0.0
1992-05-07,2.9375,2.96875,2.875,2.953125,2.865882,688800,0.0,0.0
1992-05-08,2.90625,2.96875,2.84375,2.90625,2.820391,1368000,0.0,0.0
1992-05-11,2.90625,2.96875,2.84375,2.84375,2.759737,1816800,0.0,0.0
1992-05-12,2.875,2.90625,2.8125,2.875,2.790065,896800,0.0,0.0
1992-05-13,2.84375,2.90625,2.78125,2.84375,2.759737,1472000,0.0,0.0
1992-05-14,2.84375,2.875,2.8125,2.8125,2.729411,2056000,0.0,0.0
1992-05-15,2.78125,2.84375,2.5,2.53125,2.45647,3064000,0.0,0.0
1992-05-18,2.5625,2.59375,2.4375,2.453125,2.380652,1247200,0.0,0.0
1992-05-19,2.5,2.53125,2.4375,2.5,2.426143,929600,0.0,0.0
1992-05-20,2.5,2.59375,2.5,2.5625,2.486796,1515200,0.0,0.0
1992-05-21,2.59375,2.640625,2.53125,2.5625,2.486796,1122400,0.0,0.0
1992-05-22,2.5625,2.71875,2.5625,2.6875,2.608104,1290400,0.0,0.0
1992-05-26,2.6875,2.6875,2.5,2.53125,2.45647,847200,0.0,0.0
1992-05-27,2.53125,2.59375,2.46875,2.515625,2.441306,870400,0.0,0.0
1992-05-28,2.5,2.5625,2.4375,2.53125,2.45647,1253600,0.0,0.0
1992-05-29,2.65625,2.8125,2.578125,2.6875,2.608104,4020000,0.0,0.0
1992-06-01,2.6875,2.984375,2.6875,2.9375,2.850718,4153600,0.0,0.0
1992-06-02,2.9375,3.0,2.84375,2.859375,2.774901,2240000,0.0,0.0
1992-06-03,2.84375,2.90625,2.75,2.78125,2.699084,1497600,0.0,0.0
1992-06-04,2.71875,2.875,2.6875,2.84375,2.759737,1528000,0.0,0.0
1992-06-05,2.8125,2.875,2.78125,2.796875,2.714247,2267200,0.0,0.0
1992-06-08,2.75,2.875,2.75,2.84375,2.759737,895200,0.0,0.0
1992-06-09,2.78125,2.828125,2.71875,2.75,2.668757,1679200,0.0,0.0
1992-06-10,2.71875,2.78125,2.65625,2.65625,2.577777,248000,0.0,0.0
1992-06-11,2.625,2.6875,2.5625,2.625,2.54745,773600,0.0,0.0
1992-06-12,2.625,2.78125,2.59375,2.71875,2.63843,1054400,0.0,0.0
1992-06-15,2.6875,2.8125,2.6875,2.71875,2.63843,1000800,0.0,0.0
1992-06-16,2.75,2.78125,2.6875,2.75,2.668757,1572000,0.0,0.0
1992-06-17,2.71875,2.765625,2.53125,2.578125,2.501959,3616000,0.0,0.0
1992-06-18,2.5625,2.5625,2.4375,2.515625,2.441306,2008800,0.0,0.0
1992-06-19,2.53125,2.78125,2.46875,2.75,2.668757,2216800,0.0,0.0
1992-06-22,2.71875,2.8125,2.6875,2.78125,2.699084,1188000,0.0,0.0
1992-06-23,2.78125,2.84375,2.625,2.625,2.54745,1841600,0.0,0.0
1992-06-24,2.59375,2.75,2.59375,2.75,2.668757,872000,0.0,0.0
1992-06-25,2.75,2.75,2.625,2.65625,2.577777,2742400,0.0,0.0
1992-06-26,2.625,2.71875,2.625,2.6875,2.608104,1269600,0.0,0.0
1992-06-29,2.71875,2.90625,2.6875,2.8125,2.729411,1752000,0.0,0.0
1992-06-30,2.875,3.0,2.875,2.96875,2.881045,3382400,0.0,0.0
1992-07-01,2.90625,3.015625,2.84375,3.0,2.911372,1330400,0.0,0.0
1992-07-02,3.03125,3.0625,2.8125,2.875,2.790065,1245600,0.0,0.0
1992-07-06,2.8125,2.90625,2.8125,2.84375,2.759737,1349600,0.0,0.0
1992-07-07,2.875,2.875,2.53125,2.59375,2.517124,3201600,0.0,0.0
1992-07-08,2.5625,2.71875,2.5625,2.65625,2.577777,1626400,0.0,0.0
1992-07-09,2.71875,2.875,2.71875,2.8125,2.729411,2626400,0.0,0.0
1992-07-10,2.78125,2.84375,2.78125,2.84375,2.759737,912800,0.0,0.0
1992-07-13,2.875,2.875,2.8125,2.875,2.790065,2132000,0.0,0.0
1992-07-14,2.875,2.9375,2.8125,2.8125,2.729411,3172000,0.0,0.0
1992-07-15,2.78125,2.8125,2.59375,2.671875,2.592941,1944800,0.0,0.0
1992-07-16,2.625,2.71875,2.5625,2.703125,2.623267,3516800,0.0,0.0
1992-07-17,2.6875,2.71875,2.625,2.65625,2.577777,972000,0.0,0.0
1992-07-20,2.625,2.84375,2.59375,2.84375,2.759737,3608800,0.0,0.0
1992-07-21,2.8125,2.84375,2.71875,2.78125,2.699084,2962400,0.0,0.0
1992-07-22,2.78125,2.96875,2.71875,2.9375,2.850718,3612000,0.0,0.0
1992-07-23,3.125,3.15625,3.0,3.125,3.032678,5124800,0.0,0.0
1992-07-24,3.0625,3.3125,3.0,3.28125,3.184313,3032800,0.0,0.0
1992-07-27,3.25,3.40625,3.203125,3.40625,3.30562,8502400,0.0,0.0
1992-07-28,3.40625,3.4375,3.34375,3.40625,3.30562,4084800,0.0,0.0
1992-07-29,3.4375,3.609375,3.40625,3.59375,3.487581,4884000,0.0,0.0
1992-07-30,3.5625,3.65625,3.484375,3.5,3.3966,2850400,0.0,0.0
1992-07-31,3.5,3.65625,3.484375,3.640625,3.533071,2552800,0.0,0.0
1992-08-03,3.53125,3.65625,3.5,3.65625,3.548234,2580800,0.0,0.0
1992-08-04,3.6875,3.6875,3.5,3.5625,3.457254,2580800,0.0,0.0
1992-08-05,3.5625,3.59375,3.5,3.546875,3.44209,1561600,0.0,0.0
1992-08-06,3.5,3.5625,3.40625,3.53125,3.426926,1096000,0.0,0.0
1992-08-07,3.46875,3.53125,3.40625,3.46875,3.366273,1832800,0.0,0.0
1992-08-10,3.4375,3.5,3.375,3.375,3.275293,720000,0.0,0.0
1992-08-11,3.4375,3.5,3.28125,3.484375,3.381436,2482400,0.0,0.0
1992-08-12,3.4375,3.59375,3.40625,3.4375,3.335946,2216800,0.0,0.0
1992-08-13,3.46875,3.46875,3.34375,3.375,3.275293,1276000,0.0,0.0
1992-08-14,3.40625,3.4375,3.34375,3.40625,3.30562,1252000,0.0,0.0
1992-08-17,3.40625,3.40625,3.359375,3.40625,3.30562,644000,0.0,0.0
1992-08-18,3.375,3.40625,3.375,3.390625,3.290456,404800,0.0,0.0
1992-08-19,3.375,3.40625,3.28125,3.3125,3.214639,810400,0.0,0.0
1992-08-20,3.34375,3.46875,3.25,3.46875,3.366273,1291200,0.0,0.0
1992-08-21,3.46875,3.53125,3.40625,3.46875,3.366273,1324800,0.0,0.0
1992-08-24,3.4375,3.4375,3.1875,3.21875,3.123659,3217600,0.0,0.0
1992-08-25,3.21875,3.421875,3.15625,3.375,3.275293,4096000,0.0,0.0
1992-08-26,3.40625,3.4375,3.25,3.34375,3.244966,2285600,0.0,0.0
1992-08-27,3.34375,3.375,3.3125,3.3125,3.214639,1475200,0.0,0.0
1992-08-28,3.3125,3.34375,3.25,3.28125,3.184313,872800,0.0,0.0
1992-08-31,3.3125,3.40625,3.25,3.359375,3.26013,1599200,0.0,0.0
1992-09-01,3.3125,3.375,3.1875,3.25,3.153986,1725600,0.0,0.0
1992-09-02,3.25,3.5,3.25,3.46875,3.366273,5309600,0.0,0.0
1992-09-03,3.5,3.59375,3.4375,3.46875,3.366273,3384800,0.0,0.0
1992-09-04,3.46875,3.53125,3.40625,3.46875,3.366273,545600,0.0,0.0
1992-09-08,3.46875,3.5,3.375,3.5,3.3966,1352800,0.0,0.0
1992-09-09,3.5,3.5625,3.46875,3.53125,3.426926,1710400,0.0,0.0
1992-09-10,3.46875,3.8125,3.46875,3.75,3.639214,5835200,0.0,0.0
1992-09-11,3.890625,4.0,3.84375,4.0,3.881829,4532800,0.0,0.0
1992-09-14,4.125,4.3125,4.09375,4.296875,4.169934,5384000,0.0,0.0
1992-09-15,4.15625,4.25,4.0625,4.0625,3.942482,4418400,0.0,0.0
1992-09-16,3.96875,4.03125,3.84375,4.0,3.881829,5049600,0.0,0.0
1992-09-17,4.03125,4.09375,3.9375,4.0625,3.942482,2024000,0.0,0.0
1992-09-18,4.09375,4.125,4.0,4.09375,3.972809,1738400,0.0,0.0
1992-09-21,4.0,4.0625,3.96875,4.0625,3.942482,931200,0.0,0.0
1992-09-22,4.03125,4.03125,3.875,3.875,3.760522,1533600,0.0,0.0
1992-09-23,3.96875,3.96875,3.65625,3.6875,3.578561,10369600,0.0,0.0
1992-09-24,3.71875,3.8125,3.65625,3.75,3.639214,5660000,0.0,0.0
1992-09-25,3.8125,3.8125,3.46875,3.515625,3.411764,3623200,0.0,0.0
1992-09-28,3.5625,3.65625,3.5,3.59375,3.487581,2400000,0.0,0.0
1992-09-29,3.59375,3.84375,3.515625,3.8125,3.699868,2406400,0.0,0.0
1992-09-30,3.875,3.9375,3.8125,3.875,3.760522,3157600,0.0,0.0
1992-10-01,3.90625,3.9375,3.8125,3.875,3.760522,2680000,0.0,0.0
1992-10-02,3.78125,3.84375,3.71875,3.78125,3.669541,985600,0.0,0.0
1992-10-05,3.734375,3.75,3.4375,3.671875,3.563397,4109600,0.0,0.0
1992-10-06,3.84375,4.0,3.6875,3.96875,3.851502,4187200,0.0,0.0
1992-10-07,3.90625,4.0,3.875,3.9375,3.821175,981600,0.0,0.0
1992-10-08,3.9375,4.09375,3.9375,4.09375,3.972809,5116000,0.0,0.0
1992-10-09,4.125,4.34375,4.125,4.28125,4.154769,6040800,0.0,0.0
1992-10-12,4.28125,4.375,3.75,3.8125,3.699868,27542400,0.0,0.0
1992-10-13,4.0,4.0625,3.78125,3.90625,3.790848,8408000,0.0,0.0
1992-10-14,3.875,4.03125,3.8125,3.96875,3.851502,3191200,0.0,0.0
1992-10-15,3.875,3.9375,3.84375,3.90625,3.790848,1824000,0.0,0.0
1992-10-16,3.9375,4.0625,3.875,4.0625,3.942482,2753600,0.0,0.0
1992-10-19,4.09375,4.15625,4.03125,4.046875,3.927319,1472000,0.0,0.0
1992-10-20,4.0625,4.21875,4.03125,4.125,4.003136,3700800,0.0,0.0
1992-10-21,4.15625,4.1875,4.03125,4.15625,4.033463,1339200,0.0,0.0
1992-10-22,4.25,4.34375,4.1875,4.328125,4.200259,2264800,0.0,0.0
1992-10-23,4.3125,4.40625,4.3125,4.375,4.245751,1407200,0.0,0.0
1992-10-26,4.0625,4.09375,3.90625,4.09375,3.972809,4803200,0.0,0.0
1992-10-27,4.125,4.1875,3.96875,4.03125,3.912155,2421600,0.0,0.0
1992-10-28,4.0,4.03125,3.90625,4.0,3.881829,1334400,0.0,0.0
1992-10-29,4.015625,4.0625,3.96875,4.0625,3.942482,1608000,0.0,0.0
1992-10-30,4.0625,4.0625,4.0,4.0625,3.942482,769600,0.0,0.0
1992-11-02,3.90625,3.9375,3.5625,3.6875,3.578561,10611200,0.0,0.0
1992-11-03,3.71875,3.78125,3.65625,3.75,3.639214,2490400,0.0,0.0
1992-11-04,3.75,3.78125,3.6875,3.71875,3.608888,901600,0.0,0.0
1992-11-05,3.6875,3.71875,3.5,3.65625,3.548234,3637600,0.0,0.0
1992-11-06,3.625,3.75,3.625,3.6875,3.578561,2591200,0.0,0.0
1992-11-09,3.6875,3.75,3.5625,3.65625,3.548234,2287200,0.0,0.0
1992-11-10,3.71875,4.0625,3.65625,4.03125,3.912155,4192800,0.0,0.0
1992-11-11,4.03125,4.1875,4.0,4.15625,4.033463,4325600,0.0,0.0
1992-11-12,4.15625,4.1875,3.875,3.9375,3.821175,2916000,0.0,0.0
1992-11-13,3.90625,4.03125,3.875,4.0,3.881829,1728800,0.0,0.0
1992-11-16,4.0,4.0,3.84375,3.96875,3.851502,1296000,0.0,0.0
1992-11-17,3.96875,4.03125,3.84375,3.875,3.760522,1652000,0.0,0.0
1992-11-18,3.90625,4.09375,3.875,4.0625,3.942482,1576000,0.0,0.0
1992-11-19,4.0625,4.21875,4.03125,4.1875,4.063789,3238400,0.0,0.0
1992-11-20,4.1875,4.21875,4.125,4.125,4.003136,1943200,0.0,0.0
1992-11-23,4.125,4.125,4.0,4.09375,3.972809,2003200,0.0,0.0
1992-11-24,4.03125,4.125,3.9375,4.0625,3.942482,3322400,0.0,0.0
1992-11-25,4.09375,4.09375,3.9375,4.03125,3.912155,2935200,0.0,0.0
1992-11-27,3.96875,4.03125,3.96875,4.015625,3.896992,393600,0.0,0.0
1992-11-30,4.0625,4.1875,3.875,4.15625,4.033463,2596000,0.0,0.0
1992-12-01,4.15625,4.21875,4.09375,4.1875,4.063789,1242400,0.0,0.0
1992-12-02,4.125,4.25,4.125,4.125,4.003136,1569600,0.0,0.0
1992-12-03,4.125,4.1875,4.0,4.09375,3.972809,2730400,0.0,0.0
1992-12-04,4.09375,4.34375,4.0625,4.21875,4.094117,3274400,0.0,0.0
1992-12-07,4.28125,4.46875,4.21875,4.46875,4.33673,3366400,0.0,0.0
1992-12-08,4.4375,4.90625,4.40625,4.8125,4.670325,7532800,0.0,0.0
1992-12-09,4.8125,4.875,4.65625,4.671875,4.533855,4688000,0.0,0.0
1992-12-10,4.65625,4.75,4.5625,4.640625,4.503528,3320800,0.0,0.0
1992-12-11,4.65625,4.65625,4.484375,4.53125,4.397384,2013600,0.0,0.0
1992-12-14,4.625,4.6875,4.46875,4.46875,4.33673,2512800,0.0,0.0
1992-12-15,4.53125,4.53125,4.4375,4.46875,4.33673,3367200,0.0,0.0
1992-12-16,4.46875,4.71875,4.4375,4.6875,4.549018,2483200,0.0,0.0
1992-12-17,4.65625,4.8125,4.65625,4.8125,4.670325,2659200,0.0,0.0
1992-12-18,4.8125,4.96875,4.75,4.859375,4.715816,2587200,0.0,0.0
1992-12-21,4.90625,5.03125,4.84375,5.0,4.852285,3996800,0.0,0.0
1992-12-22,5.0625,5.109375,5.0,5.03125,4.882612,4652000,0.0,0.0
1992-12-23,5.09375,5.09375,4.96875,4.984375,4.837124,2777600,0.0,0.0
1992-12-24,4.96875,5.03125,4.96875,5.015625,4.86745,825600,0.0,0.0
1992-12-28,5.03125,5.28125,4.96875,5.25,5.0949,3141600,0.0,0.0
1992-12-29,5.34375,5.4375,5.21875,5.25,5.0949,3208000,0.0,0.0
1992-12-30,5.21875,5.34375,5.21875,5.296875,5.140391,2344000,0.0,0.0
1992-12-31,5.25,5.3125,5.15625,5.15625,5.003919,1791200,0.0,0.0
1993-01-04,5.1875,5.21875,4.9375,4.984375,4.837124,4109600,0.0,0.0
1993-01-05,5.0,5.09375,4.96875,5.015625,4.86745,4024800,0.0,0.0
1993-01-06,5.0625,5.296875,5.0625,5.296875,5.140391,3578400,0.0,0.0
1993-01-07,5.375,5.5625,5.3125,5.40625,5.246534,7322400,0.0,0.0
1993-01-08,5.4375,5.53125,5.375,5.5,5.337514,6508800,0.0,0.0
1993-01-11,5.46875,5.59375,5.4375,5.546875,5.383006,3561600,0.0,0.0
1993-01-12,5.5,5.59375,5.5,5.5625,5.398168,2926400,0.0,0.0
1993-01-13,5.5,5.65625,5.5,5.65625,5.489149,2190400,0.0,0.0
1993-01-14,5.6875,5.875,5.65625,5.84375,5.671109,2968800,0.0,0.0
1993-01-15,5.71875,5.90625,5.6875,5.875,5.701435,2736000,0.0,0.0
1993-01-18,5.84375,5.90625,5.8125,5.84375,5.671109,1628800,0.0,0.0
1993-01-19,6.0625,6.09375,5.75,5.765625,5.595291,6837600,0.0,0.0
1993-01-20,5.75,5.78125,5.6875,5.703125,5.53464,1538400,0.0,0.0
1993-01-21,5.625,5.65625,5.40625,5.46875,5.307186,5655200,0.0,0.0
1993-01-22,5.5,5.5625,5.4375,5.53125,5.367841,4626400,0.0,0.0
1993-01-25,5.75,5.90625,5.6875,5.875,5.701435,10984000,0.0,0.0
1993-01-26,5.90625,6.125,5.90625,6.09375,5.913724,7824800,0.0,0.0
1993-01-27,6.125,6.375,6.09375,6.296875,6.110847,6716000,0.0,0.0
1993-01-28,6.28125,6.3125,6.03125,6.1875,6.004704,4524800,0.0,0.0
1993-01-29,6.21875,6.34375,6.15625,6.34375,6.156338,3037600,0.0,0.0
1993-02-01,6.21875,6.40625,6.1875,6.3125,6.126012,3363200,0.0,0.0
1993-02-02,6.3125,6.3125,6.125,6.25,6.065357,4326400,0.0,0.0
1993-02-03,6.28125,6.53125,6.25,6.5,6.307971,2744800,0.0,0.0
1993-02-04,6.5,6.6875,6.46875,6.59375,6.398952,4218400,0.0,0.0
1993-02-05,6.5625,6.5625,6.25,6.3125,6.126012,4079200,0.0,0.0
1993-02-08,6.28125,6.3125,6.15625,6.28125,6.095684,3479200,0.0,0.0
1993-02-09,6.25,6.3125,5.96875,6.015625,5.837906,4262400,0.0,0.0
1993-02-10,6.03125,6.09375,5.71875,5.75,5.58013,5538400,0.0,0.0
1993-02-11,5.78125,5.84375,5.59375,5.71875,5.549801,5171200,0.0,0.0
1993-02-12,5.75,5.75,5.4375,5.484375,5.322352,5379200,0.0,0.0
1993-02-16,5.46875,5.46875,4.953125,4.984375,4.837124,9645600,0.0,0.0
1993-02-17,5.0,5.125,5.0,5.09375,4.943265,5864000,0.0,0.0
1993-02-18,5.25,5.625,5.1875,5.625,5.458821,7752800,0.0,0.0
1993-02-19,5.65625,5.75,5.625,5.640625,5.473985,3690400,0.0,0.0
1993-02-22,5.6875,5.8125,5.625,5.8125,5.640782,2024000,0.0,2.0
1993-02-23,6.0,6.0,5.3125,5.375,5.216207,2826800,0.0,0.0
1993-02-24,5.3125,5.9375,5.25,5.875,5.701435,2678800,0.0,0.0
1993-02-25,5.9375,6.25,5.8125,6.1875,6.004704,4227600,0.0,0.0
1993-02-26,6.125,6.25,6.0,6.1875,6.004704,1002800,0.0,0.0
1993-03-01,6.125,6.1875,6.0,6.125,5.944049,1366000,0.0,0.0
1993-03-02,6.125,6.1875,5.9375,6.0625,5.883397,935600,0.0,0.0
1993-03-03,6.0625,6.3125,5.9375,6.3125,6.126012,2915200,0.0,0.0
1993-03-04,6.25,6.3125,5.9375,6.25,6.065357,2022000,0.0,0.0
1993-03-05,6.3125,6.5625,6.1875,6.46875,6.277646,1504800,0.0,0.0
1993-03-08,6.5,6.8125,6.375,6.75,6.550586,2700000,0.0,0.0
1993-03-09,6.8125,7.375,6.71875,7.0625,6.853853,5681200,0.0,0.0
1993-03-10,7.0,7.1875,6.875,7.125,6.914507,14158800,0.0,0.0
1993-03-11,7.1875,7.3125,7.0625,7.21875,7.005487,2983200,0.0,0.0
1993-03-12,7.125,7.25,6.875,7.0,6.7932,4568400,0.0,0.0
1993-03-15,7.0,7.375,7.0,7.3125,7.096467,2484400,0.0,0.0
1993-03-16,7.3125,7.75,7.25,7.40625,7.187448,6451200,0.0,0.0
1993-03-17,7.375,7.4375,7.125,7.1875,6.975162,2453600,0.0,0.0
1993-03-18,7.3125,7.3125,7.0625,7.125,6.914507,2936400,0.0,0.0
1993-03-19,7.125,7.125,6.75,6.8125,6.611239,2284400,0.0,0.0
1993-03-22,6.75,6.875,6.5,6.6875,6.489932,2421200,0.0,0.0
1993-03-23,6.6875,6.875,6.5,6.8125,6.611239,2149200,0.0,0.0
1993-03-24,6.75,7.25,6.6875,7.1875,6.975162,2420800,0.0,0.0
1993-03-25,7.375,7.5625,7.1875,7.5,7.278429,1688800,0.0,0.0
1993-03-26,7.5,7.5625,7.125,7.3125,7.096467,2111200,0.0,0.0
1993-03-29,7.1875,7.4375,7.125,7.25,7.035815,1902800,0.0,0.0
1993-03-30,7.125,7.1875,7.0,7.125,6.914507,1251200,0.0,0.0
1993-03-31,7.125,7.5,7.0625,7.3125,7.096467,1645600,0.0,0.0
1993-04-01,7.375,7.625,7.3125,7.5,7.278429,2232800,0.0,0.0
1993-04-02,7.25,7.25,6.875,6.90625,6.70222,3082400,0.0,0.0
1993-04-05,6.875,7.125,6.6875,6.8125,6.611239,3557200,0.0,0.0
1993-04-06,6.875,7.0,6.75,6.9375,6.732546,1922000,0.0,0.0
1993-04-07,7.0625,7.3125,7.0,7.28125,7.066142,1851600,0.0,0.0
1993-04-08,7.3125,7.75,7.25,7.5625,7.339083,3910400,0.0,0.0
1993-04-12,7.625,8.0,7.375,7.5625,7.339083,3199600,0.0,0.0
1993-04-13,7.625,7.6875,7.375,7.5625,7.339083,2006400,0.0,0.0
1993-04-14,7.5,7.5625,7.25,7.3125,7.096467,1594000,0.0,0.0
1993-04-15,7.375,7.375,7.0625,7.125,6.914507,1724400,0.0,0.0
1993-04-16,7.125,7.25,7.0,7.09375,6.884181,1170800,0.0,0.0
1993-04-19,7.125,7.125,6.9375,7.0625,6.853853,1136400,0.0,0.0
1993-04-20,7.0625,7.5,7.0,7.4375,7.217775,1581200,0.0,0.0
1993-04-21,7.625,7.8125,7.3125,7.6875,7.460389,2145600,0.0,0.0
1993-04-22,7.625,7.8125,7.3125,7.625,7.399736,3634400,0.0,0.0
1993-04-23,7.5625,7.625,7.0625,7.375,7.157122,3626800,0.0,0.0
1993-04-26,7.375,7.4375,7.125,7.1875,6.975162,2156400,0.0,0.0
1993-04-27,7.125,7.1875,6.75,7.1875,6.975162,3788400,0.0,0.0
1993-04-28,7.125,7.4375,6.875,7.375,7.157122,2236000,0.0,0.0
1993-04-29,7.375,7.375,7.0625,7.21875,7.005487,1181600,0.0,0.0
1993-04-30,7.1875,7.375,7.125,7.25,7.035815,2312400,0.0,0.0
1993-05-03,7.1875,7.5,7.0625,7.4375,7.217775,2589600,0.0,0.0
1993-05-04,7.375,7.5625,7.25,7.375,7.157122,5284400,0.0,0.0
1993-05-05,7.4375,7.8125,7.3125,7.8125,7.581697,7438800,0.0,0.0
1993-05-06,7.875,8.1875,7.75,7.8125,7.581697,6716800,0.0,0.0
1993-05-07,7.9375,8.1875,7.75,8.0625,7.824311,2975600,0.0,0.0
1993-05-10,8.0,8.1875,8.0,8.0,7.763659,1748000,0.0,0.0
1993-05-11,8.125,8.25,8.0,8.1875,7.945619,1815200,0.0,0.0
1993-05-12,8.125,8.375,8.125,8.34375,8.097251,3721600,0.0,0.0
1993-05-13,8.3125,8.4375,8.0625,8.34375,8.097251,3640400,0.0,0.0
1993-05-14,8.3125,8.625,8.1875,8.46875,8.218558,3255200,0.0,0.0
1993-05-17,8.4375,8.625,8.375,8.5,8.248889,2994800,0.0,0.0
1993-05-18,8.5625,8.625,8.25,8.375,8.127578,4383200,0.0,0.0
1993-05-19,8.34375,8.5625,8.125,8.5625,8.309539,3280000,0.0,0.0
1993-05-20,8.5625,9.0625,8.4375,8.875,8.612807,6868400,0.0,0.0
1993-05-21,8.8125,8.8125,8.625,8.75,8.491503,2768400,0.0,0.0
1993-05-24,8.625,9.125,8.5625,8.875,8.612807,2912400,0.0,0.0
1993-05-25,8.9375,9.125,8.8125,9.125,8.855424,1985200,0.0,0.0
1993-05-26,9.125,9.625,9.0,9.5,9.219342,2726000,0.0,0.0
1993-05-27,9.5625,9.5625,8.875,8.90625,8.643134,4594800,0.0,0.0
1993-05-28,8.9375,8.9375,8.375,8.625,8.370192,3120800,0.0,0.0
1993-06-01,8.6875,8.6875,8.4375,8.6875,8.430846,3113600,0.0,0.0
1993-06-02,8.6875,9.1875,8.5625,9.0625,8.794768,3400400,0.0,0.0
1993-06-03,9.125,9.25,8.75,8.9375,8.673461,2440400,0.0,0.0
1993-06-04,8.625,8.6875,8.1875,8.25,8.006271,6700000,0.0,0.0
1993-06-07,8.125,8.125,6.8125,7.125,6.914507,15189600,0.0,0.0
1993-06-08,7.125,7.4375,6.8125,7.25,7.035815,8612000,0.0,0.0
1993-06-09,7.375,7.5,7.1875,7.28125,7.066142,4211600,0.0,0.0
1993-06-10,7.1875,7.4375,7.1875,7.34375,7.126795,3898000,0.0,0.0
1993-06-11,7.375,7.875,7.3125,7.8125,7.581697,4193200,0.0,0.0
1993-06-14,7.8125,7.875,7.4375,7.5,7.278429,3051600,0.0,0.0
1993-06-15,7.4375,7.5625,6.8125,6.875,6.671892,5171600,0.0,0.0
1993-06-16,6.875,7.125,6.75,7.0,6.7932,7092400,0.0,0.0
1993-06-17,7.0,7.125,6.625,6.71875,6.520259,4558400,0.0,0.0
1993-06-18,6.75,6.8125,6.625,6.6875,6.489932,2254800,0.0,0.0
1993-06-21,6.6875,6.6875,6.25,6.4375,6.247318,5135600,0.0,0.0
1993-06-22,6.4375,6.75,6.375,6.65625,6.459606,2468800,0.0,0.0
1993-06-23,6.6875,7.0625,6.625,7.0,6.7932,4806000,0.0,0.0
1993-06-24,6.875,7.4375,6.8125,7.375,7.157122,3655600,0.0,0.0
1993-06-25,7.375,7.75,7.375,7.5625,7.339083,5703600,0.0,0.0
1993-06-28,7.75,7.84375,7.375,7.625,7.399736,4070000,0.0,0.0
1993-06-29,7.5,7.53125,7.1875,7.4375,7.217775,4369200,0.0,0.0
1993-06-30,7.375,7.75,7.1875,7.5625,7.339083,3771200,0.0,0.0
1993-07-01,7.5,7.5625,7.125,7.4375,7.217775,3972800,0.0,0.0
1993-07-02,7.4375,7.4375,7.25,7.3125,7.096467,2359600,0.0,0.0
1993-07-06,7.25,7.28125,6.9375,7.1875,6.975162,2911200,0.0,0.0
1993-07-07,7.0625,7.1875,7.0,7.125,6.914507,1698400,0.0,0.0
1993-07-08,7.1875,7.1875,6.875,7.125,6.914507,3385600,0.0,0.0
1993-07-09,7.125,7.125,6.8125,6.84375,6.641566,4921600,0.0,0.0
1993-07-12,6.75,6.875,6.625,6.65625,6.459606,5131600,0.0,0.0
1993-07-13,6.625,7.0,6.5625,6.9375,6.732546,4823200,0.0,0.0
1993-07-14,6.9375,7.5625,6.875,7.5,7.278429,6098400,0.0,0.0
1993-07-15,7.5,7.6875,7.125,7.3125,7.096467,4323200,0.0,0.0
1993-07-16,7.375,7.375,6.8125,7.0,6.7932,5821600,0.0,0.0
1993-07-19,7.0,7.0625,6.625,6.65625,6.459606,4710000,0.0,0.0
1993-07-20,6.75,6.75,6.5,6.75,6.550586,4706800,0.0,0.0
1993-07-21,6.75,7.09375,6.5625,6.875,6.671892,4294400,0.0,0.0
1993-07-22,7.25,7.3125,7.0,7.03125,6.823528,4700000,0.0,0.0
1993-07-23,7.0625,7.0625,6.8125,7.03125,6.823528,1977600,0.0,0.0
1993-07-26,7.0625,7.3125,6.9375,7.125,6.914507,929200,0.0,0.0
1993-07-27,7.1875,7.1875,6.75,6.875,6.671892,1133200,0.0,0.0
1993-07-28,6.875,6.9375,6.75,6.9375,6.732546,1317200,0.0,0.0
1993-07-29,6.9375,7.25,6.8125,7.0625,6.853853,1724000,0.0,0.0
1993-07-30,7.0,7.3125,6.8125,7.25,7.035815,2379200,0.0,0.0
1993-08-02,7.3125,7.5625,7.1875,7.5,7.278429,4310800,0.0,0.0
1993-08-03,7.5625,7.625,7.375,7.4375,7.217775,1750400,0.0,0.0
1993-08-04,7.375,7.625,7.3125,7.5,7.278429,2094000,0.0,0.0
1993-08-05,7.625,7.6875,7.4375,7.53125,7.308756,1253600,0.0,0.0
1993-08-06,7.5,8.15625,7.5,7.9375,7.703004,4181600,0.0,0.0
1993-08-09,7.9375,8.0625,7.6875,7.9375,7.703004,2524000,0.0,0.0
1993-08-10,7.875,8.125,7.6875,8.125,7.884965,3707200,0.0,0.0
1993-08-11,8.0625,8.5625,8.0625,8.5625,8.309539,8192800,0.0,0.0
1993-08-12,8.5625,8.6875,8.375,8.65625,8.400518,4618400,0.0,0.0
1993-08-13,8.5625,8.875,8.53125,8.78125,8.521828,3951200,0.0,0.0
1993-08-16,8.8125,8.875,8.6875,8.78125,8.521828,1672000,0.0,0.0
1993-08-17,8.6875,9.125,8.6875,8.9375,8.673461,3947200,0.0,0.0
1993-08-18,8.9375,9.0,8.3125,8.3125,8.066927,4081600,0.0,0.0
1993-08-19,8.375,8.625,8.125,8.4375,8.188233,3702400,0.0,0.0
1993-08-20,8.5625,8.5625,8.0,8.25,8.006271,3446800,0.0,0.0
1993-08-23,8.1875,8.3125,7.9375,8.28125,8.036597,1929600,0.0,0.0
1993-08-24,8.4375,8.8125,8.375,8.6875,8.430846,2650000,0.0,0.0
1993-08-25,8.6875,9.0,8.375,8.375,8.127578,3014400,0.0,0.0
1993-08-26,8.4375,8.5,8.1875,8.375,8.127578,2446000,0.0,0.0
1993-08-27,8.5,8.5625,8.3125,8.5,8.248889,817600,0.0,0.0
1993-08-30,8.5,8.5625,8.375,8.4375,8.188233,828800,0.0,0.0
1993-08-31,8.5,8.75,8.375,8.65625,8.400518,1960400,0.0,0.0
1993-09-01,8.625,8.875,8.5,8.6875,8.430846,1214000,0.0,0.0
1993-09-02,8.8125,8.8125,8.625,8.6875,8.430846,1619200,0.0,0.0
1993-09-03,8.5,8.625,8.375,8.625,8.370192,1220800,0.0,0.0
1993-09-07,8.5,8.5625,8.21875,8.375,8.127578,1244800,0.0,0.0
1993-09-08,8.3125,8.3125,7.9375,8.25,8.006271,1971600,0.0,0.0
1993-09-09,8.25,8.25,7.75,7.8125,7.581697,4609200,0.0,0.0
1993-09-10,7.8125,8.3125,7.78125,8.125,7.884965,2625200,0.0,0.0
1993-09-13,8.25,8.25,8.0625,8.0625,7.824311,1272800,0.0,0.0
1993-09-14,8.0,8.125,7.5625,7.75,7.521044,3760000,0.0,0.0
1993-09-15,7.75,7.75,7.375,7.4375,7.217775,6827200,0.0,0.0
1993-09-16,7.5,7.5625,7.375,7.40625,7.187448,5710400,0.0,0.0
1993-09-17,7.375,7.4375,7.125,7.3125,7.096467,8980400,0.0,0.0
1993-09-20,7.4375,7.5625,7.125,7.1875,6.975162,5296000,0.0,0.0
1993-09-21,7.25,7.625,7.0625,7.5625,7.339083,8198000,0.0,0.0
1993-09-22,7.6875,8.1875,7.5625,8.0625,7.824311,4738400,0.0,0.0
1993-09-23,8.0625,8.53125,8.0,8.4375,8.188233,4752000,0.0,0.0
1993-09-24,8.4375,8.5,7.9375,8.0625,7.824311,2713600,0.0,0.0
1993-09-27,8.0625,8.8125,8.0625,8.71875,8.461173,5433200,0.0,0.0
1993-09-28,8.75,8.9375,8.6875,8.84375,8.58248,4139200,0.0,0.0
1993-09-29,8.875,9.25,8.5625,8.6875,8.430846,5066400,0.0,0.0
1993-09-30,8.6875,8.8125,8.375,8.5625,8.309539,3008400,0.0,0.0
1993-10-01,8.625,8.625,8.4375,8.5,8.248889,1571600,0.0,0.0
1993-10-04,8.4375,8.5,8.1875,8.5,8.248889,1311200,0.0,0.0
1993-10-05,8.5,8.6875,8.1875,8.4375,8.188233,2753600,0.0,0.0
1993-10-06,8.5,8.6875,8.40625,8.5,8.248889,1909600,0.0,0.0
1993-10-07,8.5,8.625,8.375,8.5625,8.309539,1704000,0.0,0.0
1993-10-08,8.625,9.0,8.5625,8.8125,8.552153,3416800,0.0,0.0
1993-10-11,8.9375,9.3125,8.9375,9.15625,8.88575,3871600,0.0,0.0
1993-10-12,9.1875,9.6875,9.1875,9.65625,9.370979,6043200,0.0,0.0
1993-10-13,9.5625,10.0,9.5625,9.8125,9.52261,4409200,0.0,0.0
1993-10-14,9.8125,10.4375,9.8125,10.375,10.068495,6845200,0.0,0.0
1993-10-15,10.4375,10.5,9.84375,9.9375,9.643917,5241200,0.0,0.0
1993-10-18,10.03125,10.25,9.9375,10.25,9.947186,2786800,0.0,0.0
1993-10-19,10.1875,10.1875,9.75,9.78125,9.492285,3312400,0.0,0.0
1993-10-20,9.8125,10.0,9.75,10.0,9.704571,4988400,0.0,0.0
1993-10-21,9.8125,9.875,9.375,9.375,9.098037,4968800,0.0,0.0
1993-10-22,9.5,9.8125,9.4375,9.59375,9.310323,2207200,0.0,0.0
1993-10-25,9.5625,9.6875,9.1875,9.28125,9.007055,2085600,0.0,0.0
1993-10-26,9.3125,9.3125,9.125,9.125,8.855424,1743200,0.0,0.0
1993-10-27,9.1875,9.6875,9.125,9.5,9.219342,2566800,0.0,0.0
1993-10-28,9.4375,9.8125,9.4375,9.6875,9.401302,4384000,0.0,0.0
1993-10-29,9.625,9.8125,9.625,9.75,9.461957,1583600,0.0,0.0
1993-11-01,9.8125,9.875,9.625,9.75,9.461957,1842400,0.0,0.0
1993-11-02,9.875,9.875,9.53125,9.8125,9.52261,1711600,0.0,0.0
1993-11-03,9.75,9.8125,9.4375,9.5,9.219342,1497600,0.0,0.0
1993-11-04,9.3125,9.375,8.875,9.0,8.734115,2703200,0.0,0.0
1993-11-05,8.875,9.0625,8.5,8.9375,8.673461,5294800,0.0,0.0
1993-11-08,9.0,9.4375,8.75,9.40625,9.128363,3325200,0.0,0.0
1993-11-09,9.4375,9.6875,9.1875,9.3125,9.037384,2847600,0.0,0.0
1993-11-10,9.3125,9.8125,9.1875,9.75,9.461957,2132000,0.0,0.0
1993-11-11,9.75,9.8125,9.3125,9.375,9.098037,2154000,0.0,0.0
1993-11-12,9.4375,9.4375,9.1875,9.25,8.976731,1418800,0.0,0.0
1993-11-15,9.25,9.25,8.9375,9.0,8.734115,1544400,0.0,0.0
1993-11-16,9.125,9.125,8.75,8.96875,8.703786,2085200,0.0,0.0
1993-11-17,9.0,9.0625,8.5,8.65625,8.400518,2706000,0.0,0.0
1993-11-18,8.625,8.6875,8.25,8.3125,8.066927,3508000,0.0,0.0
1993-11-19,8.375,8.75,8.25,8.6875,8.430846,3730000,0.0,0.0
1993-11-22,8.6875,8.875,8.1875,8.34375,8.097251,4060000,0.0,0.0
1993-11-23,8.4375,8.9375,8.375,8.8125,8.552153,2486000,0.0,0.0
1993-11-24,8.875,9.125,8.875,9.03125,8.764441,1857600,0.0,0.0
1993-11-26,8.9375,9.125,8.9375,9.125,8.855424,531200,0.0,0.0
1993-11-29,9.0,9.3125,9.0,9.125,8.855424,5217600,0.0,0.0
1993-11-30,8.8125,8.9375,8.3125,8.71875,8.461173,12276800,0.0,0.0
1993-12-01,8.8125,9.0,8.5,8.5625,8.309539,3184400,0.0,0.0
1993-12-02,8.5625,8.6875,8.4375,8.625,8.370192,3293200,0.0,0.0
1993-12-03,8.6875,8.6875,8.28125,8.4375,8.188233,4600400,0.0,0.0
1993-12-06,8.375,8.6875,8.1875,8.4375,8.188233,4050400,0.0,0.0
1993-12-07,8.5,8.6875,8.3125,8.3125,8.066927,4996400,0.0,0.0
1993-12-08,8.3125,8.3125,8.0625,8.3125,8.066927,4904000,0.0,0.0
1993-12-09,8.21875,8.3125,7.9375,8.0,7.763659,4572800,0.0,0.0
1993-12-10,8.0625,8.4375,7.9375,8.3125,8.066927,3791200,0.0,0.0
1993-12-13,8.375,8.4375,8.0625,8.375,8.127578,4444800,0.0,0.0
1993-12-14,8.3125,8.375,7.9375,8.1875,7.945619,4143200,0.0,0.0
1993-12-15,8.25,8.5,8.03125,8.1875,7.945619,3570400,0.0,0.0
1993-12-16,8.1875,8.625,8.1875,8.5,8.248889,4242800,0.0,0.0
1993-12-17,8.5625,8.75,8.4375,8.625,8.370192,4371200,0.0,0.0
1993-12-20,8.6875,9.0625,8.625,8.8125,8.552153,2767600,0.0,0.0
1993-12-21,8.6875,8.8125,8.5625,8.5625,8.309539,3189600,0.0,0.0
1993-12-22,8.5625,8.625,8.1875,8.375,8.127578,4874400,0.0,0.0
1993-12-23,8.25,8.375,7.875,7.875,7.64235,4392800,0.0,0.0
1993-12-27,7.8125,7.9375,7.4375,7.5,7.278429,5727200,0.0,0.0
1993-12-28,7.5625,7.6875,7.4375,7.4375,7.217775,3017600,0.0,0.0
1993-12-29,7.4375,7.5625,7.21875,7.375,7.157122,3432400,0.0,0.0
1993-12-30,7.4375,7.5625,7.25,7.5,7.278429,2836800,0.0,0.0
1993-12-31,7.5,7.59375,7.375,7.5,7.278429,3187200,0.0,0.0
1994-01-03,7.5625,7.625,7.125,7.4375,7.217775,7372000,0.0,0.0
1994-01-04,7.40625,7.4375,6.8125,7.125,6.914507,8960000,0.0,0.0
1994-01-05,7.25,7.4375,7.125,7.3125,7.096467,7980800,0.0,0.0
1994-01-06,7.375,7.5,7.3125,7.34375,7.126795,7545600,0.0,0.0
1994-01-07,7.3125,7.4375,7.1875,7.3125,7.096467,4435200,0.0,0.0
1994-01-10,7.375,7.625,7.25,7.4375,7.217775,3472000,0.0,0.0
1994-01-11,7.5625,7.8125,7.4375,7.75,7.521044,4706000,0.0,0.0
1994-01-12,7.8125,8.25,7.8125,8.1875,7.945619,5973600,0.0,0.0
1994-01-13,8.125,8.3125,8.0625,8.15625,7.915291,5007600,0.0,0.0
1994-01-14,8.125,8.3125,8.0625,8.25,8.006271,3519200,0.0,0.0
1994-01-17,8.375,8.375,8.0625,8.09375,7.854639,3323200,0.0,0.0
1994-01-18,8.09375,8.1875,7.875,7.9375,7.703004,3676400,0.0,0.0
1994-01-19,7.875,7.9375,7.25,7.3125,7.096467,12728400,0.0,0.0
1994-01-20,7.3125,7.5,7.125,7.25,7.035815,11587200,0.0,0.0
1994-01-21,7.5625,7.6875,6.8125,6.90625,6.70222,20198000,0.0,0.0
1994-01-24,6.6875,7.0,6.625,6.8125,6.611239,8413200,0.0,0.0
1994-01-25,6.875,7.25,6.875,7.125,6.914507,4629200,0.0,0.0
1994-01-26,7.125,7.3125,6.9375,6.96875,6.762873,2596400,0.0,0.0
1994-01-27,6.875,7.0,6.875,6.875,6.671892,2713200,0.0,0.0
1994-01-28,7.0,7.125,6.9375,7.125,6.914507,2979200,0.0,0.0
1994-01-31,7.25,7.3125,7.125,7.15625,6.944834,3721600,0.0,0.0
1994-02-01,7.1875,7.25,6.6875,6.71875,6.520259,11409600,0.0,0.0
1994-02-02,6.71875,6.8125,6.5,6.75,6.550586,8907200,0.0,0.0
1994-02-03,6.75,6.75,6.5,6.625,6.429279,3959200,0.0,0.0
1994-02-04,6.6875,6.6875,6.0625,6.375,6.186665,9158800,0.0,0.0
1994-02-07,6.3125,6.625,6.3125,6.5,6.307971,7720400,0.0,0.0
1994-02-08,6.4375,6.75,6.4375,6.5625,6.368626,5186400,0.0,0.0
1994-02-09,6.5,6.5625,6.3125,6.375,6.186665,4478400,0.0,0.0
1994-02-10,6.6875,7.6875,6.625,7.25,7.035815,32947600,0.0,0.0
1994-02-11,7.1875,7.25,7.0625,7.15625,6.944834,3567200,0.0,0.0
1994-02-14,7.1875,7.25,7.0625,7.21875,7.005487,4128800,0.0,0.0
1994-02-15,7.25,7.375,7.125,7.25,7.035815,4402000,0.0,0.0
1994-02-16,7.25,7.3125,6.8125,6.9375,6.732546,4584800,0.0,0.0
1994-02-17,6.9375,6.9375,6.5625,6.5625,6.368626,5176000,0.0,0.0
1994-02-18,6.625,6.6875,6.4375,6.625,6.429279,4293200,0.0,0.0
1994-02-22,6.625,6.625,6.3125,6.5,6.307971,3124800,0.0,0.0
1994-02-23,6.5625,6.5625,6.3125,6.40625,6.216992,1521600,0.0,0.0
1994-02-24,6.4375,6.4375,6.125,6.1875,6.004704,4129600,0.0,0.0
1994-02-25,6.25,6.375,6.1875,6.3125,6.126012,3251600,0.0,0.0
1994-02-28,6.375,6.5625,6.3125,6.5,6.307971,4237600,0.0,0.0
1994-03-01,6.5,6.625,6.375,6.46875,6.277646,2766800,0.0,0.0
1994-03-02,6.25,6.4375,6.125,6.25,6.065357,5378800,0.0,0.0
1994-03-03,6.25,6.3125,6.0625,6.09375,5.913724,5590000,0.0,0.0
1994-03-04,6.09375,6.125,5.9375,5.96875,5.792416,6752800,0.0,0.0
1994-03-07,6.0,6.25,5.9375,6.25,6.065357,7428800,0.0,0.0
1994-03-08,6.375,6.375,6.125,6.1875,6.004704,6633200,0.0,0.0
1994-03-09,6.25,6.375,6.125,6.34375,6.156338,4476800,0.0,0.0
1994-03-10,6.40625,6.5,6.25,6.4375,6.247318,6116800,0.0,0.0
1994-03-11,6.5,6.5625,6.25,6.34375,6.156338,2581600,0.0,0.0
1994-03-14,6.4375,6.5625,6.375,6.5,6.307971,2700800,0.0,0.0
1994-03-15,6.5,6.875,6.5,6.75,6.550586,7470000,0.0,0.0
1994-03-16,7.0,7.1875,6.875,7.1875,6.975162,12750000,0.0,0.0
1994-03-17,7.1875,7.375,7.125,7.1875,6.975162,6279200,0.0,0.0
1994-03-18,7.25,7.25,6.8125,6.96875,6.762873,3531600,0.0,0.0
1994-03-21,6.9375,6.9375,6.75,6.8125,6.611239,2151600,0.0,0.0
1994-03-22,6.8125,7.1875,6.8125,7.125,6.914507,3140800,0.0,0.0
1994-03-23,7.1875,7.25,7.0,7.09375,6.884181,3218800,0.0,0.0
1994-03-24,7.03125,7.1875,7.0,7.1875,6.975162,3859200,0.0,0.0
1994-03-25,7.15625,7.375,7.125,7.25,7.035815,3987200,0.0,0.0
1994-03-28,7.3125,7.3125,6.8125,6.9375,6.732546,3195600,0.0,0.0
1994-03-29,6.9375,6.9375,6.4375,6.4375,6.247318,4359600,0.0,0.0
1994-03-30,6.4375,6.5625,6.25,6.375,6.186665,6882400,0.0,0.0
1994-03-31,6.4375,6.5625,6.125,6.5625,6.368626,7096000,0.0,0.0
1994-04-04,6.28125,6.5,6.1875,6.4375,6.247318,3696000,0.0,0.0
1994-04-05,6.4375,6.5625,6.4375,6.46875,6.277646,2591600,0.0,0.0
1994-04-06,6.5,6.5,6.125,6.1875,6.004704,3005200,0.0,0.0
1994-04-07,6.25,6.3125,6.0,6.09375,5.913724,3009600,0.0,0.0
1994-04-08,6.1875,6.3125,6.0,6.125,5.944049,2885600,0.0,0.0
1994-04-11,6.125,6.25,5.5,5.5625,5.398168,10111200,0.0,0.0
1994-04-12,5.5,5.5625,5.375,5.5625,5.398168,12402800,0.0,0.0
1994-04-13,5.5,5.5625,5.0625,5.1875,5.034247,6970800,0.0,0.0
1994-04-14,5.0625,5.375,4.875,5.25,5.0949,8014800,0.0,0.0
1994-04-15,5.25,5.6875,5.1875,5.5625,5.398168,6226400,0.0,0.0
1994-04-18,5.6875,5.75,5.4375,5.5,5.337514,2040400,0.0,0.0
1994-04-19,5.5625,5.625,5.0625,5.25,5.0949,4572400,0.0,0.0
1994-04-20,5.3125,5.375,5.0625,5.09375,4.943265,3544400,0.0,0.0
1994-04-21,5.125,5.375,4.9375,5.34375,5.185882,4833600,0.0,0.0
1994-04-22,5.375,5.5625,5.25,5.375,5.216207,6601200,0.0,0.0
1994-04-25,5.3125,5.3125,4.9375,4.96875,4.821959,4950000,0.0,0.0
1994-04-26,5.1875,5.1875,4.875,5.03125,4.882612,14690400,0.0,0.0
1994-04-28,5.125,5.125,4.9375,5.125,4.973593,8840400,0.0,0.0
1994-04-29,5.125,5.4375,5.03125,5.4375,5.27686,3178800,0.0,0.0
1994-05-02,5.5,5.625,5.3125,5.4375,5.27686,4224400,0.0,0.0
1994-05-03,5.5625,5.75,4.9375,5.015625,4.86745,23696800,0.0,0.0
1994-05-04,5.03125,5.0625,4.625,4.65625,4.518692,21372000,0.0,0.0
1994-05-05,4.625,4.75,4.5,4.5625,4.427712,10206000,0.0,0.0
1994-05-06,4.4375,4.875,4.375,4.8125,4.670325,8976400,0.0,0.0
1994-05-09,4.75,5.0,4.625,4.734375,4.594508,6635600,0.0,0.0
1994-05-10,4.875,4.875,4.6875,4.6875,4.549018,4349600,0.0,0.0
1994-05-11,4.75,4.75,4.375,4.5,4.367057,3053200,0.0,0.0
1994-05-12,4.625,4.6875,4.3125,4.375,4.245751,5953200,0.0,0.0
1994-05-13,4.4375,4.5625,4.375,4.53125,4.397384,4590400,0.0,0.0
1994-05-16,4.5625,4.6875,4.5,4.625,4.488366,3055600,0.0,0.0
1994-05-17,4.5625,4.8125,4.5625,4.65625,4.518692,3256400,0.0,0.0
1994-05-18,4.6875,4.875,4.5625,4.875,4.730978,2736800,0.0,0.0
1994-05-19,4.75,5.1875,4.5625,5.0625,4.912939,5323600,0.0,0.0
1994-05-20,5.0,5.0625,4.75,4.8125,4.670325,1743200,0.0,0.0
1994-05-23,4.75,5.15625,4.6875,5.046875,4.897775,4344800,0.0,0.0
1994-05-24,5.125,5.1875,4.75,4.8125,4.670325,4970000,0.0,0.0
1994-05-25,4.75,4.875,4.625,4.875,4.730978,2740800,0.0,0.0
1994-05-26,4.875,5.1875,4.8125,5.125,4.973593,2946400,0.0,0.0
1994-05-27,5.0,5.1875,4.9375,5.0625,4.912939,1826000,0.0,0.0
1994-05-31,5.0625,5.1875,5.0,5.078125,4.928103,1364800,0.0,0.0
1994-06-01,5.125,5.3125,5.03125,5.3125,5.155554,2660800,0.0,0.0
1994-06-02,5.3125,5.4375,5.25,5.3125,5.155554,3441200,0.0,0.0
1994-06-03,5.3125,5.375,5.0625,5.25,5.0949,4212400,0.0,0.0
1994-06-06,5.25,5.375,5.1875,5.3125,5.155554,3558400,0.0,0.0
1994-06-07,5.25,5.25,5.0625,5.1875,5.034247,2201200,0.0,0.0
1994-06-08,5.140625,5.1875,4.9375,4.9375,4.791633,2584000,0.0,0.0
1994-06-09,4.75,4.8125,4.625,4.625,4.488366,5518400,0.0,0.0
1994-06-10,4.5625,4.625,4.0625,4.25,4.124444,15898400,0.0,0.0
1994-06-13,4.1875,4.3125,4.0,4.125,4.003136,5732800,0.0,0.0
1994-06-14,4.1875,4.3125,4.109375,4.125,4.003136,6014400,0.0,0.0
1994-06-15,4.1875,4.1875,3.875,3.890625,3.775685,4065200,0.0,0.0
1994-06-16,3.875,4.0,3.75,3.921875,3.806012,4447600,0.0,0.0
1994-06-17,3.875,3.9375,3.6875,3.75,3.639214,3996800,0.0,0.0
1994-06-20,3.59375,3.9375,3.5,3.84375,3.730194,5617200,0.0,0.0
1994-06-21,3.75,3.8125,3.625,3.78125,3.669541,3065200,0.0,0.0
1994-06-22,3.75,3.8125,3.625,3.75,3.639214,2623600,0.0,0.0
1994-06-23,3.71875,3.75,3.40625,3.40625,3.30562,7272000,0.0,0.0
1994-06-24,3.375,3.4375,3.1875,3.25,3.153986,11620000,0.0,0.0
1994-06-27,3.25,3.5625,3.1875,3.34375,3.244966,6687200,0.0,0.0
1994-06-28,3.3125,3.5,3.25,3.40625,3.30562,8506400,0.0,0.0
1994-06-29,3.4375,3.5625,3.375,3.484375,3.381436,9991200,0.0,0.0
1994-06-30,3.5,3.5625,3.4375,3.5,3.3966,3241200,0.0,0.0
1994-07-01,3.5,3.5625,3.40625,3.5,3.3966,2826800,0.0,0.0
1994-07-05,3.4375,3.5625,3.4375,3.5,3.3966,4910000,0.0,0.0
1994-07-06,3.5625,3.5625,3.375,3.4375,3.335946,1431600,0.0,0.0
1994-07-07,3.5,3.5,3.3125,3.4375,3.335946,2298400,0.0,0.0
1994-07-08,3.40625,3.5625,3.375,3.453125,3.35111,8171600,0.0,0.0
1994-07-11,3.4375,3.5625,3.3125,3.484375,3.381436,4814800,0.0,0.0
1994-07-12,3.4375,3.9375,3.4375,3.921875,3.806012,10990400,0.0,0.0
1994-07-13,4.0625,4.125,3.75,3.8125,3.699868,9023200,0.0,0.0
1994-07-14,3.9375,4.0625,3.75,3.84375,3.730194,6190000,0.0,0.0
1994-07-15,3.9375,3.9375,3.8125,3.875,3.760522,1743600,0.0,0.0
1994-07-18,3.875,3.875,3.4375,3.625,3.517907,4567200,0.0,0.0
1994-07-19,3.5625,3.8125,3.5,3.75,3.639214,5266400,0.0,0.0
1994-07-20,3.75,3.8125,3.4375,3.53125,3.426926,4066000,0.0,0.0
1994-07-21,3.4375,3.8125,3.3125,3.40625,3.30562,14955200,0.0,0.0
1994-07-22,3.4375,3.6875,3.375,3.625,3.517907,4960400,0.0,0.0
1994-07-25,3.6875,3.875,3.6875,3.75,3.639214,3158000,0.0,0.0
1994-07-26,3.875,3.875,3.5,3.5625,3.457254,2939200,0.0,0.0
1994-07-27,3.5625,3.625,3.5,3.5625,3.457254,1157600,0.0,0.0
1994-07-28,3.5,3.5625,3.4375,3.4375,3.335946,2893200,0.0,0.0
1994-07-29,3.5,3.625,3.4375,3.5625,3.457254,3917200,0.0,0.0
1994-08-01,3.625,3.875,3.5,3.859375,3.745358,3834400,0.0,0.0
1994-08-02,3.875,3.875,3.75,3.78125,3.669541,4534400,0.0,0.0
1994-08-03,3.875,3.875,3.6875,3.703125,3.593724,1461200,0.0,0.0
1994-08-04,3.8125,3.8125,3.6875,3.75,3.639214,1444000,0.0,0.0
1994-08-05,3.6875,3.75,3.5625,3.6875,3.578561,836400,0.0,0.0
1994-08-08,3.5625,3.875,3.5625,3.828125,3.715031,1674400,0.0,0.0
1994-08-09,3.875,4.28125,3.78125,4.25,4.124444,8683600,0.0,0.0
1994-08-10,4.25,4.4375,4.125,4.3125,4.185096,6142000,0.0,0.0
1994-08-11,4.3125,4.3125,4.0625,4.15625,4.033463,2263200,0.0,0.0
1994-08-12,4.1875,4.375,4.125,4.28125,4.154769,2158000,0.0,0.0
1994-08-15,4.25,4.375,4.125,4.1875,4.063789,1278800,0.0,0.0
1994-08-16,4.25,4.3125,4.125,4.3125,4.185096,3646800,0.0,0.0
1994-08-17,4.25,4.4375,4.25,4.3125,4.185096,2930000,0.0,0.0
1994-08-18,4.3125,4.5625,4.25,4.46875,4.33673,7397600,0.0,0.0
1994-08-19,4.5,4.5625,4.3125,4.5,4.367057,2961200,0.0,0.0
1994-08-22,4.375,4.4375,4.25,4.359375,4.230587,2177200,0.0,0.0
1994-08-23,4.3125,4.5,4.3125,4.5,4.367057,2244800,0.0,0.0
1994-08-24,4.5,4.8125,4.375,4.6875,4.549018,5148800,0.0,0.0
1994-08-25,4.75,4.75,4.5,4.5625,4.427712,6299200,0.0,0.0
1994-08-26,4.5625,4.8125,4.5625,4.71875,4.579344,6057200,0.0,0.0
1994-08-29,4.75,4.75,4.1875,4.3125,4.185096,12152000,0.0,0.0
1994-08-30,4.25,4.625,4.125,4.625,4.488366,8311200,0.0,0.0
1994-08-31,4.625,4.625,4.4375,4.4375,4.306404,4400800,0.0,0.0
1994-09-01,4.375,4.4375,4.25,4.28125,4.154769,6831600,0.0,0.0
1994-09-02,4.34375,4.375,4.125,4.1875,4.063789,3000000,0.0,0.0
1994-09-06,4.1875,4.4375,4.1875,4.40625,4.276076,2368400,0.0,0.0
1994-09-07,4.4375,4.625,4.375,4.5,4.367057,6922800,0.0,0.0
1994-09-08,4.5,4.625,4.4375,4.46875,4.33673,6175600,0.0,0.0
1994-09-09,4.5,4.625,4.375,4.515625,4.38222,4133200,0.0,0.0
1994-09-12,4.5,4.5625,4.4375,4.5,4.367057,4324800,0.0,0.0
1994-09-13,4.5625,4.5625,4.5,4.5625,4.427712,4147600,0.0,0.0
1994-09-14,4.5,4.5625,4.4375,4.546875,4.412547,4790800,0.0,0.0
1994-09-15,4.5,4.625,4.5,4.625,4.488366,4317200,0.0,0.0
1994-09-16,4.625,4.625,4.5,4.53125,4.397384,3999200,0.0,0.0
1994-09-19,4.5625,4.6875,4.3125,4.4375,4.306404,5540800,0.0,0.0
1994-09-20,4.34375,4.5,4.3125,4.375,4.245751,2620000,0.0,0.0
1994-09-21,4.3125,4.5,4.3125,4.3125,4.185096,4262800,0.0,0.0
1994-09-22,4.375,4.5625,4.3125,4.5625,4.427712,3978800,0.0,0.0
1994-09-23,4.5,4.625,4.4375,4.46875,4.33673,2120000,0.0,0.0
1994-09-26,4.4375,4.625,4.4375,4.625,4.488366,1680000,0.0,0.0
1994-09-27,4.625,4.625,4.53125,4.5625,4.427712,2034400,0.0,0.0
1994-09-28,4.625,4.75,4.5625,4.6875,4.549018,2073200,0.0,0.0
1994-09-29,4.6875,4.6875,4.5,4.5625,4.427712,2273200,0.0,0.0
1994-09-30,4.53125,4.6875,4.5,4.625,4.488366,1936800,0.0,0.0
1994-10-03,4.625,4.875,4.5625,4.8125,4.670325,3771600,0.0,0.0
1994-10-04,4.8125,4.8125,4.6875,4.703125,4.564181,6669600,0.0,0.0
1994-10-05,4.6875,4.8125,4.5625,4.78125,4.639998,6641200,0.0,0.0
1994-10-06,4.75,5.0625,4.75,5.03125,4.882612,4529200,0.0,0.0
1994-10-07,5.125,5.5,5.125,5.4375,5.27686,14477200,0.0,0.0
1994-10-10,5.5,5.6875,5.40625,5.4375,5.27686,9306000,0.0,0.0
1994-10-11,5.5625,5.75,5.5,5.625,5.458821,9012400,0.0,0.0
1994-10-12,5.625,5.625,5.3125,5.3125,5.155554,4247200,0.0,0.0
1994-10-13,5.375,5.4375,5.0,5.125,4.973593,6767200,0.0,0.0
1994-10-14,5.0,5.25,5.0,5.25,5.0949,3194800,0.0,0.0
1994-10-17,5.25,5.25,5.0,5.0625,4.912939,5532800,0.0,0.0
1994-10-18,5.0625,5.1875,5.0625,5.125,4.973593,1571200,0.0,0.0
1994-10-19,5.0625,5.3125,5.0,5.3125,5.155554,4063600,0.0,0.0
1994-10-20,5.5625,5.875,5.375,5.6875,5.519475,17163200,0.0,0.0
1994-10-21,5.625,5.6875,5.4375,5.53125,5.367841,4601200,0.0,0.0
1994-10-24,5.5,5.5625,5.3125,5.40625,5.246534,2734800,0.0,0.0
1994-10-25,5.3125,5.375,5.1875,5.375,5.216207,2847600,0.0,0.0
1994-10-26,5.3125,5.375,5.1875,5.3125,5.155554,2304000,0.0,0.0
1994-10-27,5.25,5.4375,5.25,5.375,5.216207,2629600,0.0,0.0
1994-10-28,5.375,5.625,5.3125,5.5,5.337514,5698000,0.0,0.0
1994-10-31,5.5,5.75,5.5,5.625,5.458821,2768000,0.0,0.0
1994-11-01,5.5625,5.6875,5.5,5.5625,5.398168,3197600,0.0,0.0
1994-11-02,5.6875,5.6875,5.34375,5.375,5.216207,2161200,0.0,0.0
1994-11-03,5.375,5.53125,5.375,5.40625,5.246534,1813200,0.0,0.0
1994-11-04,5.4375,5.4375,5.0,5.0,4.852285,7706400,0.0,0.0
1994-11-07,5.0625,5.0625,4.84375,4.90625,4.761305,5315600,0.0,0.0
1994-11-08,4.90625,5.0625,4.90625,5.03125,4.882612,4922400,0.0,0.0
1994-11-09,5.0625,5.0625,4.90625,4.96875,4.821959,2372800,0.0,0.0
1994-11-10,4.9375,4.96875,4.6875,4.6875,4.549018,3914000,0.0,0.0
1994-11-11,4.6875,4.8125,4.59375,4.71875,4.579344,4396400,0.0,0.0
1994-11-14,4.6875,4.8125,4.6875,4.75,4.609671,3066800,0.0,0.0
1994-11-15,4.78125,5.0,4.71875,4.96875,4.821959,6581600,0.0,0.0
1994-11-16,5.0,5.09375,4.96875,5.046875,4.897775,5034000,0.0,0.0
1994-11-17,5.0625,5.125,4.90625,4.9375,4.791633,3394800,0.0,0.0
1994-11-18,5.0,5.0,4.75,4.875,4.730978,3112800,0.0,0.0
1994-11-21,4.90625,5.21875,4.84375,5.15625,5.003919,5872800,0.0,0.0
1994-11-22,5.15625,5.25,5.09375,5.125,4.973593,4242400,0.0,0.0
1994-11-23,5.0,5.09375,4.875,4.9375,4.791633,3471600,0.0,0.0
1994-11-25,5.0,5.0,4.90625,5.0,4.852285,512400,0.0,0.0
1994-11-28,4.96875,5.0,4.890625,4.90625,4.761305,1151200,0.0,0.0
1994-11-29,4.90625,5.125,4.90625,5.09375,4.943265,3918000,0.0,0.0
1994-11-30,5.09375,5.25,4.96875,4.96875,4.821959,5140000,0.0,0.0
1994-12-01,5.0,5.0625,4.75,4.796875,4.655161,2381200,0.0,0.0
1994-12-02,4.78125,5.09375,4.71875,5.0625,4.912939,3691600,0.0,0.0
1994-12-05,5.125,5.65625,5.09375,5.40625,5.246534,16986000,0.0,0.0
1994-12-06,5.34375,5.375,5.125,5.21875,5.064573,7933200,0.0,0.0
1994-12-07,5.15625,5.25,5.09375,5.21875,5.064573,2740400,0.0,0.0
1994-12-08,5.25,5.25,4.84375,4.90625,4.761305,5082000,0.0,0.0
1994-12-09,4.9375,5.0,4.875,4.96875,4.821959,2727200,0.0,0.0
1994-12-12,4.9375,5.03125,4.9375,4.9375,4.791633,2207200,0.0,0.0
1994-12-13,4.9375,5.0,4.75,4.75,4.609671,1715600,0.0,0.0
1994-12-14,4.75,4.9375,4.75,4.8125,4.670325,4302000,0.0,0.0
1994-12-15,4.75,4.84375,4.65625,4.75,4.609671,5204400,0.0,0.0
1994-12-16,4.75,4.78125,4.65625,4.71875,4.579344,2379600,0.0,0.0
1994-12-19,4.71875,4.71875,4.53125,4.65625,4.518692,2954400,0.0,0.0
1994-12-20,4.6875,4.75,4.65625,4.671875,4.533855,1882000,0.0,0.0
1994-12-21,4.6875,4.78125,4.65625,4.78125,4.639998,2079600,0.0,0.0
1994-12-22,4.875,5.0,4.78125,4.84375,4.700651,2850400,0.0,0.0
1994-12-23,4.84375,4.84375,4.71875,4.765625,4.624835,4364800,0.0,0.0
1994-12-27,4.78125,4.8125,4.6875,4.71875,4.579344,1542400,0.0,0.0
1994-12-28,4.6875,4.75,4.25,4.375,4.245751,6702000,0.0,0.0
1994-12-29,4.53125,4.8125,4.46875,4.8125,4.670325,4574800,0.0,0.0
1994-12-30,4.78125,4.84375,4.65625,4.8125,4.670325,4133200,0.0,0.0
1995-01-03,4.75,4.8125,4.71875,4.765625,4.624835,1398000,0.0,0.0
1995-01-04,4.78125,4.84375,4.5,4.59375,4.458038,2211600,0.0,0.0
1995-01-05,4.65625,4.75,4.28125,4.375,4.245751,6450400,0.0,0.0
1995-01-06,4.0625,4.28125,3.84375,4.28125,4.154769,22744800,0.0,0.0
1995-01-09,4.25,4.3125,4.15625,4.21875,4.094117,4934400,0.0,0.0
1995-01-10,4.1875,4.5,4.1875,4.40625,4.276076,5861200,0.0,0.0
1995-01-11,4.40625,4.5625,4.40625,4.46875,4.33673,5545200,0.0,0.0
1995-01-12,4.4375,4.53125,4.4375,4.453125,4.321567,3388800,0.0,0.0
1995-01-13,4.53125,4.59375,4.46875,4.59375,4.458038,2128800,0.0,0.0
1995-01-16,4.5625,4.78125,4.5625,4.65625,4.518692,5234400,0.0,0.0
1995-01-17,4.71875,4.84375,4.5625,4.625,4.488366,5342400,0.0,0.0
1995-01-18,4.5625,4.6875,4.3125,4.640625,4.503528,6780000,0.0,0.0
1995-01-19,4.71875,4.75,4.53125,4.578125,4.442875,7816000,0.0,0.0
1995-01-20,4.5625,4.625,4.40625,4.53125,4.397384,4604400,0.0,0.0
1995-01-23,4.46875,4.59375,4.4375,4.59375,4.458038,1312400,0.0,0.0
1995-01-24,4.59375,4.71875,4.5,4.625,4.488366,2099600,0.0,0.0
1995-01-25,4.5625,4.65625,4.5,4.625,4.488366,2405200,0.0,0.0
1995-01-26,4.625,4.6875,4.5625,4.625,4.488366,3543600,0.0,0.0
1995-01-27,4.65625,4.71875,4.59375,4.59375,4.458038,3731200,0.0,0.0
1995-01-30,4.625,4.625,4.4375,4.46875,4.33673,1826800,0.0,0.0
1995-01-31,4.5,4.5625,4.46875,4.46875,4.33673,4464400,0.0,0.0
1995-02-01,4.5,4.59375,4.46875,4.46875,4.33673,1522400,0.0,0.0
1995-02-02,4.46875,4.625,4.46875,4.625,4.488366,3450400,0.0,0.0
1995-02-03,4.65625,4.84375,4.53125,4.546875,4.412547,7400400,0.0,0.0
1995-02-06,4.59375,4.65625,4.5,4.53125,4.397384,4837600,0.0,0.0
1995-02-07,4.53125,4.9375,4.53125,4.9375,4.791633,7533600,0.0,0.0
1995-02-08,4.9375,5.28125,4.875,5.25,5.0949,8201200,0.0,0.0
1995-02-09,5.4375,5.78125,5.28125,5.515625,5.352678,22633200,0.0,0.0
1995-02-10,5.46875,5.90625,5.40625,5.78125,5.610456,11302400,0.0,0.0
1995-02-13,5.78125,5.8125,5.59375,5.625,5.458821,6495200,0.0,0.0
1995-02-14,5.625,5.625,5.4375,5.5625,5.398168,3714800,0.0,0.0
1995-02-15,5.5625,5.78125,5.53125,5.75,5.58013,3148400,0.0,0.0
1995-02-16,5.71875,5.78125,5.5,5.59375,5.428494,4643200,0.0,0.0
1995-02-17,5.5625,5.75,5.46875,5.5,5.337514,1442400,0.0,0.0
1995-02-21,5.5625,5.5625,5.375,5.375,5.216207,1294800,0.0,0.0
1995-02-22,5.34375,5.5625,5.25,5.5625,5.398168,2333200,0.0,0.0
1995-02-23,5.53125,5.59375,5.40625,5.5,5.337514,1604400,0.0,0.0
1995-02-24,5.46875,5.5,5.34375,5.375,5.216207,1580000,0.0,0.0
1995-02-27,5.375,5.4375,5.3125,5.3125,5.155554,1874800,0.0,0.0
1995-02-28,5.375,5.40625,5.3125,5.375,5.216207,1811200,0.0,0.0
1995-03-01,5.40625,6.1875,5.34375,5.875,5.701435,12805200,0.0,0.0
1995-03-02,5.875,6.25,5.8125,6.1875,6.004704,7029600,0.0,0.0
1995-03-03,6.21875,6.25,6.0,6.125,5.944049,5337200,0.0,0.0
1995-03-06,6.03125,6.125,5.96875,6.09375,5.913724,5427200,0.0,0.0
1995-03-07,6.125,6.34375,6.09375,6.1875,6.004704,6931200,0.0,0.0
1995-03-08,6.25,6.28125,6.15625,6.265625,6.080521,3917200,0.0,0.0
1995-03-09,6.34375,6.375,6.1875,6.3125,6.126012,2829600,0.0,0.0
1995-03-10,6.3125,6.46875,6.28125,6.46875,6.277646,5894400,0.0,0.0
1995-03-13,6.46875,6.5,6.375,6.40625,6.216992,2350000,0.0,0.0
1995-03-14,6.4375,6.5,6.3125,6.3125,6.126012,3308000,0.0,0.0
1995-03-15,6.34375,6.34375,6.1875,6.25,6.065357,2320800,0.0,0.0
1995-03-16,6.3125,6.3125,6.15625,6.234375,6.050193,3843600,0.0,0.0
1995-03-17,6.25,6.28125,6.0625,6.125,5.944049,3411600,0.0,0.0
1995-03-20,6.09375,6.1875,6.0,6.125,5.944049,2667600,0.0,0.0
1995-03-21,6.125,6.1875,6.03125,6.0625,5.883397,2500800,0.0,0.0
1995-03-22,6.0625,6.0625,5.78125,5.9375,5.76209,4847600,0.0,0.0
1995-03-23,6.03125,6.125,5.84375,5.90625,5.731763,3319200,0.0,0.0
1995-03-24,5.875,5.9375,5.78125,5.84375,5.671109,4599200,0.0,0.0
1995-03-27,5.8125,5.84375,5.75,5.8125,5.640782,2242000,0.0,0.0
1995-03-28,5.78125,5.84375,5.71875,5.75,5.58013,2709200,0.0,0.0
1995-03-29,5.71875,5.90625,5.71875,5.78125,5.610456,3243200,0.0,0.0
1995-03-30,5.78125,5.9375,5.59375,5.734375,5.564965,2509600,0.0,0.0
1995-03-31,5.71875,5.71875,5.59375,5.65625,5.489149,4249600,0.0,0.0
1995-04-03,5.625,5.65625,5.40625,5.5,5.337514,3913600,0.0,0.0
1995-04-04,5.4375,5.5,5.1875,5.375,5.216207,14006400,0.0,0.0
1995-04-05,5.25,5.5,5.125,5.46875,5.307186,9824400,0.0,0.0
1995-04-06,5.46875,5.46875,5.1875,5.203125,5.04941,2910400,0.0,0.0
1995-04-07,5.1875,5.28125,5.09375,5.28125,5.125227,3452000,0.0,0.0
1995-04-10,5.21875,5.53125,5.1875,5.5,5.337514,3342000,0.0,0.0
1995-04-11,5.46875,5.53125,5.34375,5.53125,5.367841,3589600,0.0,0.0
1995-04-12,5.5625,5.6875,5.4375,5.6875,5.519475,2412400,0.0,0.0
1995-04-13,5.6875,5.6875,5.46875,5.46875,5.307186,1187200,0.0,0.0
1995-04-17,5.5625,5.75,5.53125,5.5625,5.398168,4462000,0.0,0.0
1995-04-18,5.625,5.625,5.53125,5.53125,5.367841,1134400,0.0,0.0
1995-04-19,5.53125,5.59375,5.4375,5.46875,5.307186,2884000,0.0,0.0
1995-04-20,5.5,5.5,5.125,5.25,5.0949,7142000,0.0,0.0
1995-04-21,5.25,5.28125,5.0625,5.15625,5.003919,6052800,0.0,0.0
1995-04-24,5.125,5.1875,5.09375,5.109375,4.958431,2718000,0.0,0.0
1995-04-25,5.15625,5.15625,4.96875,5.0625,4.912939,5245600,0.0,0.0
1995-04-26,5.046875,5.5625,5.0,5.359375,5.201044,7915200,0.0,0.0
1995-04-27,5.4375,5.625,5.0,5.125,4.973593,7828400,0.0,0.0
1995-04-28,5.3125,5.8125,5.25,5.75,5.58013,22082400,0.0,0.0
1995-05-01,5.78125,6.25,5.78125,6.09375,5.913724,11800000,0.0,0.0
1995-05-02,6.09375,6.1875,6.0625,6.125,5.944049,4567200,0.0,0.0
1995-05-03,6.09375,6.125,6.0,6.0625,5.883397,4242000,0.0,0.0
1995-05-04,6.0,6.15625,6.0,6.03125,5.853071,2770000,0.0,0.0
1995-05-05,6.03125,6.15625,6.0,6.09375,5.913724,3309600,0.0,0.0
1995-05-08,6.09375,6.15625,6.09375,6.15625,5.974377,3027200,0.0,0.0
1995-05-09,6.53125,6.53125,6.28125,6.34375,6.156338,6189200,0.0,0.0
1995-05-10,6.3125,6.5,6.28125,6.46875,6.277646,3271200,0.0,0.0
1995-05-11,6.4375,6.71875,6.3125,6.625,6.429279,5520400,0.0,0.0
1995-05-12,6.71875,7.3125,6.6875,7.0,6.7932,16535200,0.0,0.0
1995-05-15,7.0,7.0,6.71875,6.75,6.550586,6495600,0.0,0.0
1995-05-16,6.75,6.75,6.46875,6.5,6.307971,4524400,0.0,0.0
1995-05-17,6.5625,6.59375,6.3125,6.375,6.186665,3058800,0.0,0.0
1995-05-18,6.34375,6.5625,6.3125,6.4375,6.247318,3813200,0.0,0.0
1995-05-19,6.53125,6.65625,6.375,6.5,6.307971,7268800,0.0,0.0
1995-05-22,6.53125,6.84375,6.46875,6.59375,6.398952,8800000,0.0,0.0
1995-05-23,6.625,6.90625,6.59375,6.875,6.671892,5056400,0.0,0.0
1995-05-24,6.875,6.875,6.65625,6.71875,6.520259,2617600,0.0,0.0
1995-05-25,6.71875,6.84375,6.625,6.84375,6.641566,1814400,0.0,0.0
1995-05-26,6.75,6.8125,6.6875,6.6875,6.489932,1355200,0.0,0.0
1995-05-30,6.6875,6.71875,6.53125,6.59375,6.398952,1609600,0.0,0.0
1995-05-31,6.5625,6.59375,6.40625,6.4375,6.247318,3214400,0.0,0.0
1995-06-01,6.46875,6.78125,6.3125,6.78125,6.580912,4878800,0.0,0.0
1995-06-02,6.6875,6.8125,6.625,6.75,6.550586,2523200,0.0,0.0
1995-06-05,6.78125,6.90625,6.71875,6.8125,6.611239,2806000,0.0,0.0
1995-06-06,6.8125,6.84375,6.71875,6.71875,6.520259,1145200,0.0,0.0
1995-06-07,6.71875,6.75,6.53125,6.546875,6.353461,2042400,0.0,0.0
1995-06-08,6.5625,6.59375,6.375,6.4375,6.247318,2657600,0.0,0.0
1995-06-09,6.375,6.46875,6.3125,6.375,6.186665,2872400,0.0,0.0
1995-06-12,6.375,6.4375,6.3125,6.375,6.186665,2083600,0.0,0.0
1995-06-13,6.375,6.625,6.375,6.5,6.307971,4760800,0.0,0.0
1995-06-14,6.46875,6.8125,6.4375,6.75,6.550586,3758800,0.0,0.0
1995-06-15,6.75,6.78125,6.5625,6.5625,6.368626,1251600,0.0,0.0
1995-06-16,6.5625,6.84375,6.53125,6.78125,6.580912,2933200,0.0,0.0
1995-06-19,6.78125,6.84375,6.75,6.8125,6.611239,1932400,0.0,0.0
1995-06-20,6.78125,7.15625,6.78125,7.0,6.7932,4264000,0.0,0.0
1995-06-21,7.125,7.125,6.96875,7.0,6.7932,2498800,0.0,0.0
1995-06-22,7.0,7.53125,7.0,7.53125,7.308756,8065600,0.0,0.0
1995-06-23,7.46875,7.90625,7.40625,7.5,7.278429,5816400,0.0,0.0
1995-06-26,7.53125,7.5625,7.28125,7.296875,7.081306,2375200,0.0,0.0
1995-06-27,7.28125,7.3125,7.09375,7.125,6.914507,2070400,0.0,0.0
1995-06-28,7.09375,7.21875,7.0,7.0625,6.853853,1757200,0.0,0.0
1995-06-29,7.0625,7.09375,6.84375,6.875,6.671892,3379600,0.0,0.0
1995-06-30,6.875,7.15625,6.75,6.78125,6.580912,4376000,0.0,0.0
1995-07-03,6.78125,6.90625,6.71875,6.8125,6.611239,1457200,0.0,0.0
1995-07-05,6.90625,7.03125,6.875,6.96875,6.762873,1306000,0.0,0.0
1995-07-06,7.03125,7.65625,6.96875,7.625,7.399736,6616400,0.0,0.0
1995-07-07,7.59375,7.65625,7.40625,7.625,7.399736,3339200,0.0,0.0
1995-07-10,7.625,7.8125,7.59375,7.75,7.521044,3121200,0.0,0.0
1995-07-11,7.6875,7.71875,7.4375,7.4375,7.217775,4907200,0.0,0.0
1995-07-12,7.46875,8.171875,7.46875,8.15625,7.915291,8301600,0.0,0.0
1995-07-13,8.125,8.65625,8.125,8.28125,8.036597,8069200,0.0,0.0
1995-07-14,8.21875,9.03125,8.09375,9.03125,8.764441,7264800,0.0,0.0
1995-07-17,9.03125,9.21875,8.40625,8.625,8.370192,8217600,0.0,0.0
1995-07-18,8.59375,8.625,7.9375,8.0,7.763659,5691200,0.0,0.0
1995-07-19,7.84375,8.15625,7.53125,8.125,7.884965,8397600,0.0,0.0
1995-07-20,8.34375,9.0625,8.21875,8.9375,8.673461,10602000,0.0,0.0
1995-07-21,8.90625,9.1875,8.71875,8.75,8.491503,6599600,0.0,0.0
1995-07-24,8.75,8.78125,8.625,8.6875,8.430846,4779600,0.0,0.0
1995-07-25,8.71875,8.71875,8.5625,8.625,8.370192,3451200,0.0,0.0
1995-07-26,8.59375,8.625,8.5625,8.625,8.370192,2618400,0.0,0.0
1995-07-27,8.59375,9.484375,8.59375,9.25,8.976731,9509600,0.0,0.0
1995-07-28,9.21875,9.75,9.1875,9.75,9.461957,9396400,0.0,0.0
1995-07-31,9.71875,9.78125,9.0,9.03125,8.764441,4758800,0.0,0.0
1995-08-01,9.125,9.5,8.96875,9.125,8.855424,6210800,0.0,0.0
1995-08-02,9.15625,9.25,8.5625,8.5625,8.309539,6730800,0.0,0.0
1995-08-03,8.5,8.8125,8.5,8.53125,8.279215,3970400,0.0,0.0
1995-08-04,8.53125,8.90625,8.53125,8.75,8.491503,5604000,0.0,0.0
1995-08-07,8.875,9.15625,8.78125,8.828125,8.567317,5597600,0.0,0.0
1995-08-08,8.8125,8.9375,8.6875,8.71875,8.461173,4415600,0.0,0.0
1995-08-09,8.71875,9.28125,8.71875,9.1875,8.916077,4829200,0.0,0.0
1995-08-10,9.1875,9.34375,8.71875,8.75,8.491503,4132400,0.0,0.0
1995-08-11,8.875,8.9375,8.6875,8.734375,8.476336,5136800,0.0,0.0
1995-08-14,8.71875,8.96875,8.71875,8.90625,8.643134,3124400,0.0,0.0
1995-08-15,8.875,8.9375,8.46875,8.859375,8.597647,6593200,0.0,0.0
1995-08-16,8.875,9.4375,8.71875,9.40625,9.128363,5424400,0.0,0.0
1995-08-17,9.375,9.46875,9.21875,9.375,9.098037,5754400,0.0,0.0
1995-08-18,9.4375,9.59375,9.34375,9.34375,9.06771,3781600,0.0,0.0
1995-08-21,9.34375,9.375,8.59375,8.640625,8.385357,3901600,0.0,0.0
1995-08-22,8.65625,8.90625,8.625,8.875,8.612807,3339600,0.0,0.0
1995-08-23,8.84375,9.65625,8.84375,9.53125,9.249669,10513200,0.0,0.0
1995-08-24,9.53125,9.5625,9.3125,9.5,9.219342,4437200,0.0,0.0
1995-08-25,9.46875,9.96875,9.46875,9.90625,9.61359,5616000,0.0,0.0
1995-08-28,9.875,9.9375,9.4375,9.609375,9.325487,4172400,0.0,0.0
1995-08-29,9.59375,9.625,9.1875,9.25,8.976731,7220000,0.0,0.0
1995-08-30,9.25,9.25,8.84375,9.03125,8.764441,8510400,0.0,0.0
1995-08-31,9.0,9.5625,9.0,9.5,9.219342,5257200,0.0,0.0
1995-09-01,9.4375,9.53125,9.1875,9.21875,8.946401,2068000,0.0,0.0
1995-09-05,9.28125,9.53125,9.15625,9.5,9.219342,2942800,0.0,0.0
1995-09-06,9.53125,10.0625,9.46875,9.90625,9.61359,8286000,0.0,0.0
1995-09-07,9.90625,9.96875,9.59375,9.65625,9.370979,3678400,0.0,0.0
1995-09-08,9.625,9.84375,9.59375,9.65625,9.370979,2352000,0.0,0.0
1995-09-11,9.6875,10.0,9.65625,9.9375,9.643917,6384000,0.0,0.0
1995-09-12,9.96875,10.21875,9.875,10.15625,9.856206,8242400,0.0,0.0
1995-09-13,10.1875,10.53125,10.15625,10.46875,10.159476,7297200,0.0,0.0
1995-09-14,10.53125,10.5625,10.3125,10.375,10.068495,3644400,0.0,0.0
1995-09-15,10.3125,10.3125,9.5625,9.59375,9.310323,4561200,0.0,0.0
1995-09-18,9.65625,9.65625,9.40625,9.5,9.219342,3520000,0.0,0.0
1995-09-19,9.5,9.78125,9.5,9.75,9.461957,3959200,0.0,0.0
1995-09-20,9.78125,10.0,9.71875,9.84375,9.552938,7475200,0.0,0.0
1995-09-21,9.75,9.8125,9.34375,9.40625,9.128363,3356000,0.0,0.0
1995-09-22,9.40625,9.8125,9.375,9.65625,9.370979,6019600,0.0,0.0
1995-09-25,9.625,9.8125,9.375,9.65625,9.370979,4416000,0.0,0.0
1995-09-26,9.65625,9.71875,9.0,9.0625,8.794768,2740800,0.0,0.0
1995-09-27,9.0,9.03125,8.40625,8.6875,8.430846,8917600,0.0,0.0
1995-09-28,8.84375,9.234375,8.8125,9.21875,8.946401,5682800,0.0,0.0
1995-09-29,9.1875,9.28125,8.875,9.1875,8.916077,3904400,0.0,0.0
1995-10-02,9.1875,9.375,8.875,8.9375,8.673461,3534800,0.0,0.0
1995-10-03,8.84375,8.90625,8.4375,8.765625,8.506665,4216000,0.0,0.0
1995-10-04,8.71875,8.75,7.6875,8.25,8.006271,11473200,0.0,0.0
1995-10-05,8.15625,9.03125,8.15625,8.875,8.612807,9387600,0.0,0.0
1995-10-06,8.875,8.90625,8.53125,8.6875,8.430846,5737600,0.0,0.0
1995-10-09,8.1875,8.59375,8.09375,8.375,8.127578,8393200,0.0,0.0
1995-10-10,8.21875,9.03125,8.0625,8.96875,8.703786,8118400,0.0,0.0
1995-10-11,9.25,9.5625,9.125,9.34375,9.06771,8620000,0.0,0.0
1995-10-12,9.34375,9.59375,9.1875,9.5,9.219342,5728000,0.0,0.0
1995-10-13,9.59375,9.59375,9.1875,9.21875,8.946401,2925600,0.0,0.0
1995-10-16,9.15625,9.1875,8.8125,8.9375,8.673461,2907600,0.0,0.0
1995-10-17,9.03125,9.6875,8.9375,9.625,9.340651,4992800,0.0,0.0
1995-10-18,9.65625,9.84375,9.4375,9.5,9.219342,5640000,0.0,0.0
1995-10-19,9.40625,9.84375,9.34375,9.6875,9.401302,4217600,0.0,0.0
1995-10-20,9.78125,9.8125,9.25,9.25,8.976731,4110800,0.0,0.0
1995-10-23,9.1875,9.75,9.125,9.5625,9.279996,6298000,0.0,0.0
1995-10-24,9.6875,9.71875,9.40625,9.453125,9.173854,4572400,0.0,0.0
1995-10-25,9.5,9.5625,9.21875,9.375,9.098037,4712000,0.0,0.0
1995-10-26,9.375,9.5,8.75,8.96875,8.703786,4365200,0.0,0.0
1995-10-27,9.0,9.3125,8.875,9.1875,8.916077,4422000,0.0,0.0
1995-10-30,9.28125,9.53125,9.25,9.3125,9.037384,3675600,0.0,0.0
1995-10-31,9.375,9.40625,9.09375,9.15625,8.88575,2528800,0.0,0.0
1995-11-01,9.1875,9.25,8.90625,9.0,8.734115,1693200,0.0,0.0
1995-11-02,8.9375,9.5,8.9375,9.453125,9.173854,4467600,0.0,0.0
1995-11-03,9.46875,9.5,9.21875,9.4375,9.158689,1922400,0.0,0.0
1995-11-06,9.375,9.5,9.21875,9.28125,9.007055,2165600,0.0,0.0
1995-11-07,9.1875,9.46875,9.15625,9.25,8.976731,5048000,0.0,0.0
1995-11-08,9.28125,9.375,9.09375,9.125,8.855424,1465200,0.0,0.0
1995-11-09,9.125,9.125,8.65625,8.96875,8.703786,6181200,0.0,0.0
1995-11-10,8.90625,9.15625,8.84375,9.03125,8.764441,2553200,0.0,0.0
1995-11-13,9.03125,9.15625,8.9375,8.984375,8.71895,1615200,0.0,0.0
1995-11-14,8.96875,9.0625,8.625,8.625,8.370192,2232000,0.0,0.0
1995-11-15,8.6875,8.75,8.1875,8.4375,8.188233,3994800,0.0,0.0
1995-11-16,8.4375,8.71875,8.03125,8.125,7.884965,4427600,0.0,0.0
1995-11-17,8.125,8.5,7.84375,8.21875,7.975945,6252000,0.0,0.0
1995-11-20,8.25,8.40625,7.90625,7.9375,7.703004,4354000,0.0,0.0
1995-11-21,7.875,8.0,7.5625,7.9375,7.703004,5619600,0.0,0.0
1995-11-22,8.0,8.03125,7.84375,7.84375,7.612025,2358400,0.0,0.0
1995-11-24,7.875,7.96875,7.84375,7.90625,7.672677,419600,0.0,0.0
1995-11-27,7.9375,8.4375,7.9375,8.09375,7.854639,4313600,0.0,0.0
1995-11-28,8.03125,8.25,8.03125,8.21875,7.975945,2529200,0.0,0.0
1995-11-29,7.6875,8.75,7.5,8.65625,8.400518,14953600,0.0,0.0
1995-11-30,8.625,8.96875,8.53125,8.53125,8.279215,5706400,0.0,0.0
1995-12-01,8.5,8.53125,7.875,7.9375,7.703004,4329200,0.0,0.0
1995-12-04,7.96875,8.125,7.8125,8.0,7.763659,4472000,0.0,0.0
1995-12-05,7.6875,7.75,7.3125,7.46875,7.248101,9032800,0.0,0.0
1995-12-06,7.53125,7.5625,7.375,7.375,7.157122,2122800,0.0,0.0
1995-12-07,7.375,7.4375,6.390625,6.8125,6.611239,10402800,0.0,0.0
1995-12-08,6.8125,7.5,6.5625,7.5,7.278429,12590400,0.0,0.0
1995-12-11,7.5,7.59375,7.09375,7.09375,6.884181,5543200,0.0,0.0
1995-12-12,7.125,7.125,6.75,6.875,6.671892,8348400,0.0,0.0
1995-12-13,7.0,7.125,6.875,6.96875,6.762873,5494400,0.0,0.0
1995-12-14,6.90625,7.0,6.5625,6.59375,6.398952,5004400,0.0,0.0
1995-12-15,6.625,6.625,6.25,6.375,6.186665,8632800,0.0,0.0
1995-12-18,6.3125,6.34375,5.59375,5.78125,5.610456,9542400,0.0,0.0
1995-12-19,5.875,5.9375,5.78125,5.9375,5.76209,5223200,0.0,0.0
1995-12-20,5.96875,6.84375,5.9375,6.15625,5.974377,10739600,0.0,0.0
1995-12-21,6.15625,6.53125,6.15625,6.40625,6.216992,4458800,0.0,0.0
1995-12-22,6.375,6.40625,6.15625,6.1875,6.004704,6120000,0.0,0.0
1995-12-26,6.21875,6.34375,6.09375,6.328125,6.141174,5386800,0.0,0.0
1995-12-27,6.3125,6.40625,6.1875,6.25,6.065357,2277600,0.0,0.0
1995-12-28,6.25,6.3125,6.15625,6.28125,6.095684,4797600,0.0,0.0
1995-12-29,6.28125,6.5625,6.21875,6.53125,6.338299,5868800,0.0,0.0
1996-01-02,6.59375,6.8125,6.46875,6.78125,6.580912,4004000,0.0,0.0
1996-01-03,6.71875,6.96875,6.65625,6.71875,6.520259,4594400,0.0,0.0
1996-01-04,6.6875,6.84375,6.6875,6.78125,6.580912,6754400,0.0,0.0
1996-01-05,6.6875,6.8125,6.625,6.75,6.550586,6408000,0.0,0.0
1996-01-08,6.71875,6.75,6.6875,6.71875,6.520259,233200,0.0,0.0
1996-01-09,6.6875,6.71875,5.875,5.9375,5.76209,20925600,0.0,0.0
1996-01-10,5.8125,5.9375,5.71875,5.84375,5.671109,13796800,0.0,0.0
1996-01-11,6.0,6.15625,5.96875,6.109375,5.928887,9416000,0.0,0.0
1996-01-12,6.125,6.25,5.96875,5.96875,5.792416,3599200,0.0,0.0
1996-01-15,6.0,6.0,5.625,5.65625,5.489149,3043200,0.0,0.0
1996-01-16,5.75,6.09375,5.6875,6.0,5.822744,4884800,0.0,0.0
1996-01-17,5.96875,6.25,5.90625,6.21875,6.035031,4280000,0.0,0.0
1996-01-18,6.21875,6.46875,5.6875,6.4375,6.247318,7764800,0.0,0.0
1996-01-19,6.40625,6.6875,6.25,6.625,6.429279,5092800,0.0,0.0
1996-01-22,6.59375,6.625,6.28125,6.59375,6.398952,2724000,0.0,0.0
1996-01-23,6.5625,6.78125,6.5,6.59375,6.398952,4600000,0.0,0.0
1996-01-24,6.59375,6.8125,6.25,6.34375,6.156338,7529200,0.0,0.0
1996-01-25,5.46875,6.0,5.28125,5.5625,5.398168,19451200,0.0,0.0
1996-01-26,5.53125,5.78125,5.46875,5.59375,5.428494,5008800,0.0,0.0
1996-01-29,5.625,5.84375,5.59375,5.75,5.58013,2816800,0.0,0.0
1996-01-30,5.84375,6.0,5.78125,5.84375,5.671109,1528400,0.0,0.0
1996-01-31,5.84375,6.0625,5.71875,6.0,5.822744,3386000,0.0,0.0
1996-02-01,5.96875,6.03125,5.84375,5.9375,5.76209,2072400,0.0,0.0
1996-02-02,5.90625,6.15625,5.90625,5.9375,5.76209,2845200,0.0,0.0
1996-02-05,5.9375,6.78125,5.9375,6.6875,6.489932,5533200,0.0,0.0
1996-02-06,6.40625,6.59375,6.34375,6.40625,6.216992,7308800,0.0,0.0
1996-02-07,6.40625,6.46875,6.0625,6.3125,6.126012,2803200,0.0,0.0
1996-02-08,6.3125,6.59375,6.1875,6.5,6.307971,3546000,0.0,0.0
1996-02-09,6.4375,6.53125,6.21875,6.25,6.065357,1822800,0.0,0.0
1996-02-12,6.28125,6.40625,6.21875,6.28125,6.095684,1352800,0.0,0.0
1996-02-13,6.125,6.59375,6.125,6.4375,6.247318,3306000,0.0,0.0
1996-02-14,6.4375,6.5625,6.125,6.265625,6.080521,2744000,0.0,0.0
1996-02-15,6.28125,6.5,6.21875,6.40625,6.216992,2435600,0.0,0.0
1996-02-16,6.34375,6.34375,6.1875,6.21875,6.035031,1923600,0.0,0.0
1996-02-20,6.375,6.8125,6.34375,6.5625,6.368626,6141600,0.0,0.0
1996-02-21,6.5625,7.03125,6.53125,7.015625,6.808364,7556400,0.0,0.0
1996-02-22,7.125,7.21875,7.0625,7.125,6.914507,3380800,0.0,0.0
1996-02-23,7.125,7.15625,6.6875,6.8125,6.611239,2875200,0.0,0.0
1996-02-26,6.84375,6.84375,6.5,6.5,6.307971,3574400,0.0,0.0
1996-02-27,6.5,6.71875,6.46875,6.65625,6.459606,4084800,0.0,0.0
1996-02-28,6.6875,6.71875,6.34375,6.40625,6.216992,2227600,0.0,0.0
1996-02-29,6.28125,6.375,6.125,6.25,6.065357,2401200,0.0,0.0
1996-03-01,6.25,6.3125,6.0,6.03125,5.853071,3009200,0.0,0.0
1996-03-04,6.03125,6.09375,5.90625,6.0,5.822744,2017600,0.0,0.0
1996-03-05,5.9375,6.09375,5.90625,6.03125,5.853071,2002000,0.0,0.0
1996-03-06,5.96875,6.03125,5.84375,5.90625,5.731763,1628000,0.0,0.0
1996-03-07,5.90625,6.15625,5.90625,6.109375,5.928887,1978000,0.0,0.0
1996-03-08,6.0,6.0625,5.8125,5.875,5.701435,4686400,0.0,0.0
1996-03-11,5.90625,6.15625,5.90625,6.09375,5.913724,2046000,0.0,0.0
1996-03-12,6.03125,6.15625,5.875,6.03125,5.853071,2550400,0.0,0.0
1996-03-13,6.09375,6.375,6.03125,6.28125,6.095684,2299200,0.0,0.0
1996-03-14,6.125,6.28125,6.09375,6.125,5.944049,1364000,0.0,0.0
1996-03-15,6.15625,6.25,6.0625,6.1875,6.004704,1978000,0.0,0.0
1996-03-18,6.1875,6.375,6.15625,6.34375,6.156338,1801200,0.0,0.0
1996-03-19,6.34375,6.375,6.25,6.25,6.065357,1987600,0.0,0.0
1996-03-20,6.3125,6.3125,5.9375,5.96875,5.792416,1973600,0.0,0.0
1996-03-21,5.96875,6.09375,5.9375,6.03125,5.853071,1516400,0.0,0.0
1996-03-22,6.03125,6.1875,5.9375,6.15625,5.974377,1240400,0.0,0.0
1996-03-25,6.125,6.1875,5.90625,5.96875,5.792416,1362000,0.0,0.0
1996-03-26,5.90625,6.28125,5.84375,6.125,5.944049,2607200,0.0,0.0
1996-03-27,6.125,6.46875,6.125,6.34375,6.156338,4346000,0.0,0.0
1996-03-28,6.28125,6.5,6.21875,6.375,6.186665,2769600,0.0,0.0
1996-03-29,6.4375,6.8125,6.3125,6.625,6.429279,4987600,0.0,0.0
1996-04-01,6.65625,6.75,6.4375,6.625,6.429279,3926400,0.0,0.0
1996-04-02,6.625,6.75,6.59375,6.71875,6.520259,1680000,0.0,0.0
1996-04-03,6.625,6.90625,6.625,6.84375,6.641566,3051200,0.0,0.0
1996-04-04,6.8125,6.90625,6.78125,6.8125,6.611239,1664800,0.0,0.0
1996-04-08,6.75,6.75,6.59375,6.6875,6.489932,2564400,0.0,0.0
1996-04-09,6.75,7.0,6.75,6.875,6.671892,3231600,0.0,0.0
1996-04-10,6.875,7.125,6.875,6.9375,6.732546,2943600,0.0,0.0
1996-04-11,6.90625,6.945313,6.78125,6.84375,6.641566,2521600,0.0,0.0
1996-04-12,7.0,7.1875,6.9375,7.0,6.7932,3692000,0.0,0.0
1996-04-15,7.0625,7.0625,6.96875,7.046875,6.838691,3140400,0.0,0.0
1996-04-16,7.03125,7.125,7.03125,7.09375,6.884181,2832800,0.0,0.0
1996-04-17,7.0625,7.4375,7.0625,7.375,7.157122,5975600,0.0,0.0
1996-04-18,7.40625,7.5,7.375,7.4375,7.217775,3038400,0.0,0.0
1996-04-19,7.4375,7.46875,6.71875,6.8125,6.611239,7845200,0.0,0.0
1996-04-22,6.84375,6.9375,6.65625,6.75,6.550586,2958800,0.0,0.0
1996-04-23,6.6875,6.8125,6.625,6.6875,6.489932,1503600,0.0,0.0
1996-04-24,6.6875,6.71875,6.25,6.375,6.186665,6577600,0.0,0.0
1996-04-25,6.4375,6.65625,6.4375,6.625,6.429279,5381600,0.0,0.0
1996-04-26,6.65625,6.90625,6.65625,6.75,6.550586,5451200,0.0,0.0
1996-04-29,6.78125,6.78125,6.5625,6.6875,6.489932,3732800,0.0,0.0
1996-04-30,6.6875,6.6875,6.5,6.6875,6.489932,1853600,0.0,0.0
1996-05-01,6.625,7.03125,6.625,7.03125,6.823528,3231600,0.0,0.0
1996-05-02,7.03125,7.09375,6.75,6.78125,6.580912,5075200,0.0,0.0
1996-05-03,6.8125,7.0,6.34375,6.5,6.307971,5051600,0.0,0.0
1996-05-06,6.5625,6.84375,6.375,6.71875,6.520259,12488400,0.0,0.0
1996-05-07,6.625,6.96875,6.59375,6.71875,6.520259,7572800,0.0,0.0
1996-05-08,6.71875,6.75,6.28125,6.625,6.429279,3952400,0.0,0.0
1996-05-09,6.65625,6.90625,6.59375,6.78125,6.580912,2262400,0.0,0.0
1996-05-10,6.8125,6.875,6.625,6.84375,6.641566,4664800,0.0,0.0
1996-05-13,6.875,7.25,6.78125,7.15625,6.944834,6578000,0.0,0.0
1996-05-14,7.28125,7.5,7.28125,7.46875,7.248101,10348000,0.0,0.0
1996-05-15,7.46875,7.5,7.25,7.25,7.035815,5435200,0.0,0.0
1996-05-16,7.21875,8.65625,7.09375,8.625,8.370192,27108400,0.0,0.0
1996-05-17,8.65625,8.875,8.34375,8.625,8.370192,27665600,0.0,0.0
1996-05-20,8.34375,8.46875,7.96875,8.21875,7.975945,7120000,0.0,0.0
1996-05-21,8.25,8.28125,7.78125,7.84375,7.612025,4390000,0.0,0.0
1996-05-22,7.84375,8.40625,7.8125,8.09375,7.854639,5252800,0.0,0.0
1996-05-23,8.125,8.125,7.71875,7.875,7.64235,3596000,0.0,0.0
1996-05-24,7.8125,7.875,7.65625,7.71875,7.490717,2271600,0.0,0.0
1996-05-28,7.71875,8.25,7.6875,8.15625,7.915291,5605200,0.0,0.0
1996-05-29,8.21875,8.3125,7.65625,7.84375,7.612025,4830000,0.0,0.0
1996-05-30,7.875,8.21875,7.65625,7.9375,7.703004,5239600,0.0,0.0
1996-05-31,7.9375,8.0625,7.6875,7.90625,7.672677,5140400,0.0,0.0
1996-06-03,7.96875,7.96875,7.6875,7.71875,7.490717,1568400,0.0,0.0
1996-06-04,7.8125,8.0,7.6875,7.875,7.64235,2953600,0.0,0.0
1996-06-05,7.84375,7.875,7.5,7.78125,7.551369,3050000,0.0,0.0
1996-06-06,7.75,7.9375,6.625,6.84375,6.641566,15330000,0.0,0.0
1996-06-07,6.6875,7.625,6.59375,7.5625,7.339083,13951600,0.0,0.0
1996-06-10,7.65625,7.71875,7.4375,7.46875,7.248101,4231200,0.0,0.0
1996-06-11,7.53125,7.5625,7.25,7.3125,7.096467,2544400,0.0,0.0
1996-06-12,7.3125,7.375,7.03125,7.03125,6.823528,3710400,0.0,0.0
1996-06-13,7.09375,7.3125,7.03125,7.15625,6.944834,2720000,0.0,0.0
1996-06-14,7.25,7.25,7.03125,7.0625,6.853853,4272400,0.0,0.0
1996-06-17,7.0625,7.125,6.6875,6.84375,6.641566,5062800,0.0,0.0
1996-06-18,6.8125,7.3125,6.75,7.03125,6.823528,6966000,0.0,0.0
1996-06-19,7.03125,7.34375,7.03125,7.15625,6.944834,3180400,0.0,0.0
1996-06-20,7.1875,7.4375,6.96875,7.09375,6.884181,6687600,0.0,0.0
1996-06-21,7.125,7.1875,6.59375,6.71875,6.520259,9182800,0.0,0.0
1996-06-24,6.71875,7.125,6.6875,6.9375,6.732546,4452000,0.0,0.0
1996-06-25,6.9375,6.9375,6.65625,6.78125,6.580912,3372000,0.0,0.0
1996-06-26,6.90625,6.90625,6.3125,6.625,6.429279,5140800,0.0,0.0
1996-06-27,6.65625,7.0,6.375,6.9375,6.732546,4492400,0.0,0.0
1996-06-28,7.0,7.0625,6.5625,6.6875,6.489932,4651600,0.0,0.0
1996-07-01,6.71875,7.03125,6.625,7.03125,6.823528,2375200,0.0,0.0
1996-07-02,7.0,7.125,6.75,6.8125,6.611239,2901200,0.0,0.0
1996-07-03,6.78125,6.9375,6.5,6.65625,6.459606,4235200,0.0,0.0
1996-07-05,6.6875,6.84375,6.625,6.65625,6.459606,1394400,0.0,0.0
1996-07-08,6.59375,6.75,6.53125,6.59375,6.398952,2469600,0.0,0.0
1996-07-09,6.59375,6.8125,6.59375,6.75,6.550586,2638400,0.0,0.0
1996-07-10,6.71875,6.875,6.65625,6.78125,6.580912,2782000,0.0,0.0
1996-07-11,6.6875,6.78125,6.34375,6.34375,6.156338,4993200,0.0,0.0
1996-07-12,6.40625,6.71875,6.21875,6.625,6.429279,4252000,0.0,0.0
1996-07-15,6.6875,6.75,6.3125,6.40625,6.216992,4116000,0.0,0.0
1996-07-16,6.4375,6.78125,6.125,6.21875,6.035031,8498000,0.0,0.0
1996-07-17,6.25,6.6875,6.25,6.625,6.429279,5403200,0.0,0.0
1996-07-18,6.625,7.1875,6.5625,7.1875,6.975162,4840000,0.0,0.0
1996-07-19,7.09375,7.1875,6.84375,6.9375,6.732546,3167200,0.0,0.0
1996-07-22,6.9375,7.0,6.6875,6.8125,6.611239,3640400,0.0,0.0
1996-07-23,6.8125,6.96875,6.4375,6.5625,6.368626,4898800,0.0,0.0
1996-07-24,6.40625,6.59375,6.34375,6.4375,6.247318,3716400,0.0,0.0
1996-07-25,6.75,7.0,6.71875,6.8125,6.611239,7212000,0.0,0.0
1996-07-26,6.84375,7.78125,6.84375,7.78125,7.551369,7914000,0.0,0.0
1996-07-29,7.71875,7.75,7.375,7.390625,7.172286,4336000,0.0,0.0
1996-07-30,7.40625,7.6875,7.3125,7.65625,7.430063,3392400,0.0,0.0
1996-07-31,7.59375,7.75,7.375,7.5,7.278429,3617600,0.0,0.0
1996-08-01,7.5,7.53125,7.375,7.5,7.278429,3198000,0.0,0.0
1996-08-02,7.53125,7.59375,7.34375,7.4375,7.217775,4126800,0.0,0.0
1996-08-05,7.4375,7.5,7.25,7.3125,7.096467,2254800,0.0,0.0
1996-08-06,7.25,7.71875,7.25,7.6875,7.460389,3694400,0.0,0.0
1996-08-07,7.6875,7.84375,7.5625,7.71875,7.490717,3498000,0.0,0.0
1996-08-08,7.65625,7.71875,7.5,7.59375,7.36941,1390400,0.0,0.0
1996-08-09,7.59375,7.71875,7.5625,7.625,7.399736,1033200,0.0,0.0
1996-08-12,7.625,7.625,7.46875,7.53125,7.308756,892000,0.0,0.0
1996-08-13,7.5,7.566406,7.40625,7.53125,7.308756,1871200,0.0,0.0
1996-08-14,7.53125,8.03125,7.53125,7.8125,7.581697,6926400,0.0,0.0
1996-08-15,7.8125,8.40625,7.78125,8.1875,7.945619,9207200,0.0,0.0
1996-08-16,8.21875,8.375,8.03125,8.3125,8.066927,3547600,0.0,0.0
1996-08-19,8.28125,8.5,8.0625,8.4375,8.188233,3342000,0.0,0.0
1996-08-20,8.375,8.46875,8.125,8.125,7.884965,1916800,0.0,0.0
1996-08-21,8.125,8.125,7.96875,8.09375,7.854639,1172000,0.0,0.0
1996-08-22,8.0625,8.28125,8.0625,8.15625,7.915291,3090000,0.0,0.0
1996-08-23,8.15625,8.21875,8.0,8.0,7.763659,1075600,0.0,0.0
1996-08-26,8.0625,8.0625,7.875,7.9375,7.703004,1100400,0.0,0.0
1996-08-27,8.0,8.125,7.9375,8.125,7.884965,1432800,0.0,0.0
1996-08-28,8.125,8.21875,8.03125,8.125,7.884965,1394400,0.0,0.0
1996-08-29,8.09375,8.125,7.90625,7.9375,7.703004,1823600,0.0,0.0
1996-08-30,8.0,8.0,7.6875,7.71875,7.490717,3105200,0.0,0.0
1996-09-03,7.71875,7.75,7.46875,7.5,7.278429,4286400,0.0,0.0
1996-09-04,7.5,8.15625,7.46875,7.96875,7.73333,5584800,0.0,0.0
1996-09-05,7.875,8.21875,7.8125,7.9375,7.703004,4436400,0.0,0.0
1996-09-06,8.0,8.53125,7.96875,8.25,8.006271,5903200,0.0,0.0
1996-09-09,8.1875,8.21875,7.9375,8.03125,7.793984,4196800,0.0,0.0
1996-09-10,7.96875,8.03125,7.75,7.84375,7.612025,2686400,0.0,0.0
1996-09-11,7.78125,8.1875,7.71875,8.125,7.884965,4143600,0.0,0.0
1996-09-12,8.09375,8.65625,7.9375,8.4375,8.188233,8372000,0.0,0.0
1996-09-13,8.53125,8.84375,8.5,8.84375,8.58248,12839600,0.0,0.0
1996-09-16,8.71875,8.96875,8.625,8.75,8.491503,4417200,0.0,0.0
1996-09-17,8.84375,9.28125,8.84375,9.09375,8.825094,7410000,0.0,0.0
1996-09-18,9.03125,9.21875,8.84375,8.90625,8.643134,7430000,0.0,0.0
1996-09-19,8.960938,9.09375,8.4375,9.015625,8.749277,8818800,0.0,0.0
1996-09-20,9.09375,9.15625,8.8125,9.03125,8.764441,5812400,0.0,0.0
1996-09-23,8.96875,9.25,8.8125,9.125,8.855424,5840800,0.0,0.0
1996-09-24,9.1875,9.96875,9.125,9.8125,9.52261,13100400,0.0,0.0
1996-09-25,9.8125,9.8125,9.53125,9.75,9.461957,5284000,0.0,0.0
1996-09-26,9.78125,9.78125,9.40625,9.6875,9.401302,4182000,0.0,0.0
1996-09-27,9.65625,9.6875,9.40625,9.46875,9.189015,4487200,0.0,0.0
1996-09-30,9.375,9.625,9.28125,9.34375,9.06771,3552800,0.0,0.0
1996-10-01,9.34375,9.40625,9.1875,9.25,8.976731,3362400,0.0,0.0
1996-10-02,9.28125,9.625,9.28125,9.4375,9.158689,4774800,0.0,0.0
1996-10-03,9.40625,9.5,9.214844,9.25,8.976731,2969200,0.0,0.0
1996-10-04,9.3125,9.53125,9.28125,9.46875,9.189015,3743200,0.0,0.0
1996-10-07,9.40625,9.53125,9.21875,9.25,8.976731,4473600,0.0,0.0
1996-10-08,9.25,9.3125,9.09375,9.25,8.976731,3852000,0.0,0.0
1996-10-09,9.28125,9.28125,8.875,8.9375,8.673461,3267600,0.0,0.0
1996-10-10,8.9375,9.40625,8.65625,9.1875,8.916077,6408800,0.0,0.0
1996-10-11,9.28125,9.28125,8.8125,8.96875,8.703786,3027200,0.0,0.0
1996-10-14,8.96875,8.96875,8.5625,8.65625,8.400518,3909200,0.0,0.0
1996-10-15,8.6875,9.0,8.46875,8.5,8.248889,4643600,0.0,0.0
1996-10-16,8.53125,9.21875,8.25,9.125,8.855424,8770800,0.0,0.0
1996-10-17,9.09375,9.125,8.53125,8.625,8.370192,6102800,0.0,0.0
1996-10-18,8.78125,8.84375,8.4375,8.59375,8.339868,4436800,0.0,0.0
1996-10-21,8.59375,8.875,8.4375,8.5,8.248889,4543200,0.0,0.0
1996-10-22,8.5,8.6875,8.34375,8.46875,8.218558,5936000,0.0,0.0
1996-10-23,8.4375,8.5625,7.90625,8.34375,8.097251,8482800,0.0,0.0
1996-10-24,9.0,9.5625,8.9375,9.375,9.098037,16450800,0.0,0.0
1996-10-25,9.3125,9.40625,9.09375,9.21875,8.946401,3497600,0.0,0.0
1996-10-28,9.1875,9.21875,8.96875,9.09375,8.825094,7035200,0.0,0.0
1996-10-29,9.125,9.1875,8.6875,8.78125,8.521828,4096800,0.0,0.0
1996-10-30,8.71875,9.1875,8.71875,9.15625,8.88575,4371200,0.0,0.0
1996-10-31,9.25,9.5,9.25,9.375,9.098037,5666000,0.0,0.0
1996-11-01,9.375,9.5,9.0625,9.40625,9.128363,4786000,0.0,0.0
1996-11-04,9.375,9.5,8.9375,8.9375,8.673461,3214000,0.0,0.0
1996-11-05,8.9375,9.25,8.609375,8.8125,8.552153,4367200,0.0,0.0
1996-11-06,8.90625,9.15625,8.65625,9.125,8.855424,12480000,0.0,0.0
1996-11-07,9.09375,9.40625,8.90625,9.21875,8.946401,5480000,0.0,0.0
1996-11-08,9.21875,9.34375,9.09375,9.125,8.855424,2932400,0.0,0.0
1996-11-11,9.125,9.3125,8.96875,9.25,8.976731,1808400,0.0,0.0
1996-11-12,9.21875,9.34375,9.03125,9.0625,8.794768,2710400,0.0,0.0
1996-11-13,9.15625,9.15625,8.71875,8.8125,8.552153,3194400,0.0,0.0
1996-11-14,8.84375,9.03125,8.65625,8.96875,8.703786,3170400,0.0,0.0
1996-11-15,8.9375,9.125,8.75,8.8125,8.552153,3134000,0.0,0.0
1996-11-18,8.8125,8.875,8.125,8.28125,8.036597,7756400,0.0,0.0
1996-11-19,8.25,8.3125,7.84375,8.0,7.763659,5290800,0.0,0.0
1996-11-20,8.0625,8.28125,7.9375,8.0,7.763659,6679600,0.0,0.0
1996-11-21,8.0,8.0625,7.75,7.9375,7.703004,5764400,0.0,0.0
1996-11-22,7.96875,8.21875,7.90625,8.03125,7.793984,4514000,0.0,0.0
1996-11-25,8.0625,8.1875,7.9375,8.125,7.884965,2078800,0.0,0.0
1996-11-26,8.15625,8.3125,7.9375,8.21875,7.975945,4965600,0.0,0.0
1996-11-27,8.28125,8.3125,8.03125,8.09375,7.854639,2354800,0.0,0.0
1996-11-29,8.09375,8.09375,8.03125,8.03125,7.793984,290400,0.0,0.0
1996-12-02,8.09375,8.34375,8.03125,8.21875,7.975945,3446400,0.0,0.0
1996-12-03,8.25,8.75,8.1875,8.59375,8.339868,7132800,0.0,0.0
1996-12-04,8.46875,8.78125,8.40625,8.4375,8.188233,11518400,0.0,0.0
1996-12-05,8.46875,8.46875,8.21875,8.40625,8.157905,2768000,0.0,0.0
1996-12-06,8.125,8.3125,7.9375,8.125,7.884965,5686400,0.0,0.0
1996-12-09,8.1875,8.5,8.125,8.46875,8.218558,3368000,0.0,0.0
1996-12-10,8.53125,8.5625,7.96875,8.0,7.763659,3010800,0.0,0.0
1996-12-11,7.90625,7.90625,7.53125,7.71875,7.490717,8849200,0.0,0.0
1996-12-12,7.8125,8.0625,7.8125,7.8125,7.581697,3332800,0.0,0.0
1996-12-13,7.8125,7.9375,7.46875,7.46875,7.248101,4970800,0.0,0.0
1996-12-16,7.5625,7.65625,6.9375,7.03125,6.823528,9106800,0.0,0.0
1996-12-17,7.0,8.0625,6.90625,7.65625,7.430063,13258800,0.0,0.0
1996-12-18,7.8125,8.09375,7.71875,8.03125,7.793984,5050400,0.0,0.0
1996-12-19,8.09375,8.125,7.84375,7.90625,7.672677,3650000,0.0,0.0
1996-12-20,7.9375,7.9375,7.4375,7.5625,7.339083,5062800,0.0,0.0
1996-12-23,7.53125,7.59375,7.4375,7.46875,7.248101,2391600,0.0,0.0
1996-12-24,7.5,7.71875,7.5,7.59375,7.36941,1826800,0.0,0.0
1996-12-26,7.625,7.65625,7.5625,7.625,7.399736,943200,0.0,0.0
1996-12-27,7.625,7.65625,7.46875,7.53125,7.308756,1628800,0.0,0.0
1996-12-30,7.53125,7.6875,7.5,7.5625,7.339083,2417600,0.0,0.0
1996-12-31,7.625,7.625,7.375,7.484375,7.263266,2477200,0.0,0.0
1997-01-02,7.53125,8.03125,7.40625,7.8125,7.581697,6390800,0.0,0.0
1997-01-03,8.0625,8.59375,7.96875,8.390625,8.142741,6346800,0.0,0.0
1997-01-06,8.4375,8.4375,7.875,8.0,7.763659,4381600,0.0,0.0
1997-01-07,8.0,8.5,7.90625,8.34375,8.097251,4382400,0.0,0.0
1997-01-08,8.3125,8.75,8.1875,8.53125,8.279215,7661600,0.0,0.0
1997-01-09,8.53125,9.21875,8.53125,9.03125,8.764441,13544000,0.0,0.0
1997-01-10,8.84375,9.09375,8.75,9.03125,8.764441,5420000,0.0,0.0
1997-01-13,8.90625,8.9375,8.65625,8.8125,8.552153,6129200,0.0,0.0
1997-01-14,8.875,8.875,8.53125,8.71875,8.461173,5448800,0.0,0.0
1997-01-15,8.6875,8.71875,8.3125,8.34375,8.097251,4814400,0.0,0.0
1997-01-16,8.40625,8.625,8.34375,8.53125,8.279215,3265600,0.0,0.0
1997-01-17,8.53125,9.03125,8.53125,8.6875,8.430846,6844800,0.0,0.0
1997-01-20,8.6875,9.09375,8.5625,8.9375,8.673461,5203200,0.0,0.0
1997-01-21,8.875,9.03125,8.65625,8.8125,8.552153,2146800,0.0,0.0
1997-01-22,8.78125,9.15625,8.5625,9.0625,8.794768,4952800,0.0,0.0
1997-01-23,9.0625,9.125,8.625,8.78125,8.521828,3462000,0.0,0.0
1997-01-24,8.625,8.65625,7.75,8.09375,7.854639,10561200,0.0,0.0
1997-01-27,8.09375,8.125,7.75,7.90625,7.672677,5305600,0.0,0.0
1997-01-28,8.0625,8.3125,7.84375,7.96875,7.73333,9637200,0.0,0.0
1997-01-29,8.0,8.09375,7.90625,7.9375,7.703004,6138000,0.0,0.0
1997-01-30,7.96875,8.0,7.875,7.9375,7.703004,1345200,0.0,0.0
1997-01-31,7.96875,8.0,7.875,7.96875,7.73333,2516400,0.0,0.0
1997-02-03,7.9375,8.40625,7.9375,8.296875,8.051759,3263600,0.0,0.0
1997-02-04,8.34375,8.34375,7.84375,7.96875,7.73333,2480400,0.0,0.0
1997-02-05,7.9375,8.0,7.625,7.71875,7.490717,4205600,0.0,0.0
1997-02-06,7.75,7.9375,7.625,7.78125,7.551369,2404400,0.0,0.0
1997-02-07,7.78125,8.0625,7.78125,7.90625,7.672677,3573200,0.0,0.0
1997-02-10,7.90625,7.96875,7.625,7.65625,7.430063,5980400,0.0,0.0
1997-02-11,7.71875,7.804688,7.5625,7.65625,7.430063,4113200,0.0,0.0
1997-02-12,7.6875,8.0625,7.65625,8.0,7.763659,4321600,0.0,0.0
1997-02-13,7.96875,8.46875,7.78125,8.40625,8.157905,6590000,0.0,0.0
1997-02-14,8.5,8.6875,8.15625,8.1875,7.945619,4698400,0.0,0.0
1997-02-18,8.1875,8.25,7.875,8.0,7.763659,2198400,0.0,0.0
1997-02-19,8.03125,8.125,7.90625,8.0,7.763659,1816000,0.0,0.0
1997-02-20,8.0,8.0,7.65625,7.84375,7.612025,3212800,0.0,0.0
1997-02-21,7.8125,7.8125,7.34375,7.4375,7.217775,5013600,0.0,0.0
1997-02-24,7.4375,7.5625,7.28125,7.46875,7.248101,5097600,0.0,0.0
1997-02-25,7.53125,7.59375,7.34375,7.375,7.157122,4694000,0.0,0.0
1997-02-26,7.4375,7.53125,7.375,7.5,7.278429,5731200,0.0,0.0
1997-02-27,7.46875,7.5625,7.40625,7.4375,7.217775,2757200,0.0,0.0
1997-02-28,7.4375,8.03125,7.40625,7.8125,7.581697,8842000,0.0,0.0
1997-03-03,7.71875,7.78125,7.5,7.5625,7.339083,4406000,0.0,0.0
1997-03-04,7.625,7.6875,7.5625,7.5625,7.339083,4270800,0.0,0.0
1997-03-05,7.5625,7.78125,7.5,7.78125,7.551369,4286800,0.0,0.0
1997-03-06,7.78125,7.78125,7.53125,7.5625,7.339083,3102400,0.0,0.0
1997-03-07,7.5625,8.03125,7.53125,7.875,7.64235,7519600,0.0,0.0
1997-03-10,7.3125,7.4375,6.96875,7.296875,7.081306,11547600,0.0,0.0
1997-03-11,7.40625,7.5,7.09375,7.125,6.914507,5215200,0.0,0.0
1997-03-12,7.125,7.1875,6.875,6.96875,6.762873,4300400,0.0,0.0
1997-03-13,6.90625,6.96875,6.625,6.8125,6.611239,3562800,0.0,0.0
1997-03-14,6.90625,7.09375,6.78125,6.953125,6.74771,2729600,0.0,0.0
1997-03-17,6.9375,7.21875,6.75,7.0,6.7932,3098000,0.0,0.0
1997-03-18,7.0625,7.0625,6.5625,6.65625,6.459606,4220400,0.0,0.0
1997-03-19,6.625,6.84375,6.40625,6.5625,6.368626,4899200,0.0,0.0
1997-03-20,6.625,6.90625,6.3125,6.90625,6.70222,7097200,0.0,0.0
1997-03-21,6.625,6.8125,6.59375,6.75,6.550586,5625200,0.0,0.0
1997-03-24,6.75,7.15625,6.75,7.125,6.914507,5500800,0.0,0.0
1997-03-25,7.1875,7.25,6.9375,7.03125,6.823528,5093200,0.0,0.0
1997-03-26,7.0,7.0,6.75,6.875,6.671892,5294000,0.0,0.0
1997-03-27,6.875,6.875,6.5625,6.625,6.429279,4168400,0.0,0.0
1997-03-31,6.65625,6.78125,6.5625,6.65625,6.459606,4372400,0.0,0.0
1997-04-01,6.625,6.65625,5.875,6.0,5.822744,6928400,0.0,0.0
1997-04-02,6.0,6.21875,5.9375,6.0625,5.883397,3351600,0.0,0.0
1997-04-03,6.0625,6.1875,5.65625,5.8125,5.640782,9300000,0.0,0.0
1997-04-04,5.71875,5.9375,5.6875,5.8125,5.640782,10204400,0.0,0.0
1997-04-07,5.8125,5.90625,5.6875,5.75,5.58013,3628800,0.0,0.0
1997-04-08,5.6875,5.8125,5.6875,5.78125,5.610456,2964400,0.0,0.0
1997-04-09,5.75,5.90625,5.65625,5.6875,5.519475,2312400,0.0,0.0
1997-04-10,5.6875,5.71875,5.4375,5.5625,5.398168,3003600,0.0,0.0
1997-04-11,5.5,5.53125,5.3125,5.4375,5.27686,5089600,0.0,0.0
1997-04-14,5.46875,6.03125,5.3125,6.0,5.822744,5328800,0.0,0.0
1997-04-15,6.1875,6.40625,5.625,5.734375,5.564965,7845600,0.0,0.0
1997-04-16,5.78125,5.78125,5.34375,5.5625,5.398168,7827600,0.0,0.0
1997-04-17,5.65625,5.84375,5.5625,5.6875,5.519475,4323600,0.0,0.0
1997-04-18,5.84375,5.875,5.53125,5.59375,5.428494,5322400,0.0,0.0
1997-04-21,5.625,5.625,5.40625,5.4375,5.27686,1888800,0.0,0.0
1997-04-22,5.46875,5.46875,5.0,5.40625,5.246534,4856400,0.0,0.0
1997-04-23,5.40625,5.6875,5.34375,5.625,5.458821,5547200,0.0,0.0
1997-04-24,5.65625,5.78125,5.375,5.5625,5.398168,2395600,0.0,0.0
1997-04-25,5.578125,5.625,5.0,5.03125,4.882612,2832400,0.0,0.0
1997-04-28,5.09375,5.3125,4.8125,5.28125,5.125227,3183200,0.0,0.0
1997-04-29,5.5625,6.0625,5.53125,5.96875,5.792416,6423600,0.0,0.0
1997-04-30,5.8125,6.0625,5.78125,6.03125,5.853071,4193600,0.0,0.0
1997-05-01,6.03125,6.375,5.9375,6.21875,6.035031,3303200,0.0,0.0
1997-05-02,6.21875,7.0625,6.1875,7.0625,6.853853,4323200,0.0,0.0
1997-05-05,7.0625,7.5,6.84375,7.40625,7.187448,8579600,0.0,0.0
1997-05-06,7.34375,7.5625,6.75,7.25,7.035815,7732800,0.0,0.0
1997-05-07,7.4375,7.78125,7.0,7.0625,6.853853,9266000,0.0,0.0
1997-05-08,7.0,7.5,6.90625,7.421875,7.202611,7281600,0.0,0.0
1997-05-09,7.4375,7.65625,7.4375,7.5,7.278429,3684400,0.0,0.0
1997-05-12,7.4375,7.5,7.125,7.25,7.035815,2345600,0.0,0.0
1997-05-13,7.28125,7.28125,7.0,7.25,7.035815,2612800,0.0,0.0
1997-05-14,7.25,7.34375,7.0,7.0625,6.853853,3968000,0.0,0.0
1997-05-15,7.03125,7.125,6.9375,7.03125,6.823528,4561600,0.0,0.0
1997-05-16,6.78125,7.125,6.75,7.03125,6.823528,4517600,0.0,0.0
1997-05-19,7.09375,7.4375,7.0625,7.328125,7.111633,3451600,0.0,0.0
1997-05-20,7.3125,7.40625,7.1875,7.40625,7.187448,2561600,0.0,0.0
1997-05-21,7.40625,7.5,7.34375,7.4375,7.217775,2593600,0.0,0.0
1997-05-22,7.4375,7.53125,7.328125,7.453125,7.23294,3174800,0.0,0.0
1997-05-23,7.53125,7.78125,7.46875,7.6875,7.460389,2083200,0.0,0.0
1997-05-27,7.625,8.53125,7.59375,8.34375,8.097251,7170400,0.0,0.0
1997-05-28,8.34375,8.4375,8.03125,8.125,7.884965,5712400,0.0,0.0
1997-05-29,8.0625,8.1875,7.875,8.0,7.763659,3018800,0.0,0.0
1997-05-30,7.75,8.125,7.5625,8.0,7.763659,3661600,0.0,0.0
1997-06-02,8.0,8.0625,7.75,8.0,7.763659,2050800,0.0,0.0
1997-06-03,7.875,8.28125,7.6875,7.71875,7.490717,5053200,0.0,0.0
1997-06-04,7.75,7.9375,7.4375,7.59375,7.36941,3344400,0.0,0.0
1997-06-05,7.625,7.84375,7.46875,7.75,7.521044,1954000,0.0,0.0
1997-06-06,7.75,7.75,7.5625,7.75,7.521044,1758400,0.0,0.0
1997-06-09,7.78125,8.1875,7.75,8.0,7.763659,4079600,0.0,0.0
1997-06-10,8.0,8.40625,7.9375,8.375,8.127578,4582400,0.0,0.0
1997-06-11,8.34375,8.375,8.1875,8.3125,8.066927,3784400,0.0,0.0
1997-06-12,8.34375,8.75,8.28125,8.625,8.370192,5114400,0.0,0.0
1997-06-13,8.625,8.9375,8.59375,8.75,8.491503,5128800,0.0,0.0
1997-06-16,8.71875,8.90625,8.59375,8.890625,8.627971,6865600,0.0,0.0
1997-06-17,8.90625,8.96875,8.71875,8.8125,8.552153,5287600,0.0,0.0
1997-06-18,8.75,8.8125,8.21875,8.25,8.006271,4279600,0.0,0.0
1997-06-19,8.265625,8.78125,8.265625,8.75,8.491503,2974000,0.0,0.0
1997-06-20,8.640625,8.6875,8.28125,8.28125,8.036597,3639200,0.0,0.0
1997-06-23,8.3125,8.6875,8.21875,8.46875,8.218558,3516000,0.0,0.0
1997-06-24,8.53125,8.625,8.34375,8.53125,8.279215,3093200,0.0,0.0
1997-06-25,8.5,8.75,8.203125,8.375,8.127578,3654800,0.0,0.0
1997-06-26,8.40625,8.46875,8.25,8.359375,8.112415,2121200,0.0,0.0
1997-06-27,8.453125,8.453125,8.1875,8.25,8.006271,1849600,0.0,0.0
1997-06-30,8.21875,8.5,8.125,8.40625,8.157905,2585200,0.0,0.0
1997-07-01,8.375,8.640625,8.25,8.34375,8.097251,3617200,0.0,0.0
1997-07-02,8.375,8.53125,8.34375,8.5,8.248889,2260000,0.0,0.0
1997-07-03,8.53125,8.6875,8.5,8.59375,8.339868,2199600,0.0,0.0
1997-07-07,8.625,9.125,8.59375,8.984375,8.71895,6234400,0.0,0.0
1997-07-08,8.9375,8.96875,8.75,8.8125,8.552153,2721600,0.0,0.0
1997-07-09,8.75,8.8125,8.25,8.328125,8.082089,4945600,0.0,0.0
1997-07-10,8.28125,8.5,8.09375,8.296875,8.051759,2854400,0.0,0.0
1997-07-11,8.21875,8.640625,8.0625,8.53125,8.279215,3344800,0.0,0.0
1997-07-14,8.5625,8.59375,8.40625,8.53125,8.279215,2124800,0.0,0.0
1997-07-15,8.53125,8.53125,8.4375,8.5,8.248889,550800,0.0,0.0
1997-07-16,8.5,8.59375,8.375,8.5,8.248889,3874000,0.0,0.0
1997-07-17,8.40625,8.53125,8.34375,8.5,8.248889,1430000,0.0,0.0
1997-07-18,8.46875,8.5625,8.234375,8.4375,8.188233,2960400,0.0,0.0
1997-07-21,8.40625,8.4375,7.875,8.0625,7.824311,2256000,0.0,0.0
1997-07-22,8.0625,8.5,7.875,8.375,8.127578,3708000,0.0,0.0
1997-07-23,8.421875,8.5625,8.375,8.4375,8.188233,2977600,0.0,0.0
1997-07-24,8.5625,9.03125,8.46875,9.0,8.734115,12885600,0.0,0.0
1997-07-25,8.96875,9.0,8.828125,8.96875,8.703786,3393200,0.0,0.0
1997-07-28,8.9375,9.0,8.3125,8.4375,8.188233,2649200,0.0,0.0
1997-07-29,8.40625,8.84375,8.40625,8.75,8.491503,3206000,0.0,0.0
1997-07-30,8.75,8.75,8.40625,8.5625,8.309539,4264000,0.0,0.0
1997-07-31,8.5625,8.59375,8.25,8.375,8.127578,2741600,0.0,0.0
1997-08-01,8.28125,8.4375,8.09375,8.40625,8.157905,2846800,0.0,0.0
1997-08-04,8.40625,8.4375,8.15625,8.234375,7.991108,2105200,0.0,0.0
1997-08-05,8.21875,8.3125,8.125,8.25,8.006271,2302000,0.0,0.0
1997-08-06,8.3125,8.671875,8.28125,8.5,8.248889,7130000,0.0,0.0
1997-08-07,8.53125,8.625,8.25,8.25,8.006271,1775200,0.0,0.0
1997-08-08,8.21875,8.46875,7.96875,8.15625,7.915291,3939600,0.0,0.0
1997-08-11,8.1875,8.21875,8.0,8.0,7.763659,1462000,0.0,0.0
1997-08-12,8.0,8.3125,8.0,8.03125,7.793984,2159200,0.0,0.0
1997-08-13,8.15625,8.40625,8.09375,8.34375,8.097251,3655200,0.0,0.0
1997-08-14,8.40625,8.5,8.34375,8.4375,8.188233,1808800,0.0,0.0
1997-08-15,8.5,8.5,8.3125,8.34375,8.097251,2260800,0.0,0.0
1997-08-18,8.4375,8.4375,7.6875,7.9375,7.703004,3902800,0.0,0.0
1997-08-19,8.0,8.375,7.9375,8.3125,8.066927,3479200,0.0,0.0
1997-08-20,8.3125,8.3125,8.15625,8.265625,8.021437,1681600,0.0,0.0
1997-08-21,8.21875,8.3125,8.15625,8.21875,7.975945,1761600,0.0,0.0
1997-08-22,8.15625,8.1875,7.867188,8.125,7.884965,2028800,0.0,0.0
1997-08-25,8.15625,8.234375,7.6875,7.8125,7.581697,2772800,0.0,0.0
1997-08-26,7.84375,8.0,7.71875,7.875,7.64235,2890800,0.0,0.0
1997-08-27,7.90625,7.90625,7.625,7.734375,7.50588,2038800,0.0,0.0
1997-08-28,7.65625,7.765625,7.453125,7.6875,7.460389,4077600,0.0,0.0
1997-08-29,7.6875,7.75,7.59375,7.703125,7.475553,1699200,0.0,0.0
1997-09-02,7.6875,7.984375,7.6875,7.84375,7.612025,2666000,0.0,0.0
1997-09-03,7.84375,8.4375,7.84375,8.3125,8.066927,6892400,0.0,0.0
1997-09-04,8.25,8.59375,8.21875,8.5625,8.309539,6200000,0.0,0.0
1997-09-05,8.640625,8.734375,8.46875,8.546875,8.294375,5228800,0.0,0.0
1997-09-08,8.53125,8.75,8.5,8.734375,8.476336,2673600,0.0,0.0
1997-09-09,8.6875,8.8125,8.59375,8.71875,8.461173,3266400,0.0,0.0
1997-09-10,8.703125,8.828125,8.65625,8.703125,8.446011,3036400,0.0,0.0
1997-09-11,8.65625,8.75,8.5,8.71875,8.461173,2026400,0.0,0.0
1997-09-12,8.75,8.90625,8.65625,8.84375,8.58248,1758400,0.0,0.0
1997-09-15,8.78125,8.84375,8.375,8.375,8.127578,1914400,0.0,0.0
1997-09-16,8.5,8.625,8.375,8.5625,8.309539,2564000,0.0,0.0
1997-09-17,8.59375,8.71875,8.375,8.640625,8.385357,1643200,0.0,0.0
1997-09-18,8.59375,8.75,8.59375,8.71875,8.461173,930400,0.0,0.0
1997-09-19,8.6875,8.875,8.65625,8.828125,8.567317,3438400,0.0,0.0
1997-09-22,8.84375,9.15625,8.78125,9.0,8.734115,4682000,0.0,0.0
1997-09-23,9.0,9.0625,8.8125,8.890625,8.627971,4714800,0.0,0.0
1997-09-24,8.875,8.96875,8.375,8.59375,8.339868,3998400,0.0,0.0
1997-09-25,8.5625,8.84375,8.53125,8.75,8.491503,2426800,0.0,0.0
1997-09-26,8.796875,9.4375,8.78125,9.390625,9.113197,7572800,0.0,0.0
1997-09-29,9.375,9.8125,9.1875,9.78125,9.492285,9062400,0.0,0.0
1997-09-30,9.71875,9.75,9.5,9.65625,9.370979,4730800,0.0,0.0
1997-10-01,9.625,9.78125,9.09375,9.265625,8.991894,7783600,0.0,0.0
1997-10-02,9.1875,9.53125,9.03125,9.484375,9.204181,4803200,0.0,0.0
1997-10-03,9.59375,10.0625,9.46875,9.8125,9.52261,14600400,0.0,0.0
1997-10-06,9.84375,10.0,9.625,9.90625,9.61359,5997200,0.0,0.0
1997-10-07,9.9375,9.9375,9.75,9.8125,9.52261,2432400,0.0,0.0
1997-10-08,9.78125,9.84375,9.3125,9.40625,9.128363,6713600,0.0,0.0
1997-10-09,9.375,9.71875,9.03125,9.6875,9.401302,7209200,0.0,0.0
1997-10-10,9.59375,9.75,9.15625,9.15625,8.88575,3023600,0.0,0.0
1997-10-13,9.21875,9.4375,9.09375,9.234375,8.961565,1952800,0.0,0.0
1997-10-14,9.28125,9.4375,9.109375,9.28125,9.007055,2412800,0.0,0.0
1997-10-15,9.21875,9.53125,9.1875,9.4375,9.158689,2414400,0.0,0.0
1997-10-16,9.46875,9.53125,9.078125,9.171875,8.900911,2183200,0.0,0.0
1997-10-17,9.0625,9.28125,8.5,8.71875,8.461173,5142400,0.0,0.0
1997-10-20,8.84375,9.3125,8.65625,9.234375,8.961565,3870800,0.0,0.0
1997-10-21,9.125,9.71875,9.125,9.5625,9.279996,3132000,0.0,0.0
1997-10-22,9.5,9.90625,9.4375,9.46875,9.189015,7784000,0.0,0.0
1997-10-23,9.21875,9.90625,9.046875,9.6875,9.401302,8915600,0.0,0.0
1997-10-24,9.5,9.8125,8.71875,9.34375,9.06771,16252800,0.0,0.0
1997-10-27,9.25,9.375,8.25,8.265625,8.021437,5138400,0.0,0.0
1997-10-28,7.90625,9.15625,7.6875,8.96875,8.703786,8761200,0.0,0.0
1997-10-29,9.0,9.28125,8.6875,8.96875,8.703786,6087200,0.0,0.0
1997-10-30,8.6875,8.875,8.46875,8.5,8.248889,5966400,0.0,0.0
1997-10-31,8.75,8.78125,8.40625,8.46875,8.218558,3542000,0.0,0.0
1997-11-03,8.65625,8.6875,8.5625,8.65625,8.400518,2936400,0.0,0.0
1997-11-04,8.5,8.71875,8.5,8.625,8.370192,2061600,0.0,0.0
1997-11-05,8.625,8.6875,8.578125,8.59375,8.339868,1452000,0.0,0.0
1997-11-06,8.5625,8.59375,7.953125,8.015625,7.77882,5109200,0.0,0.0
1997-11-07,7.84375,8.453125,7.75,8.296875,8.051759,5921600,0.0,0.0
1997-11-10,8.375,8.4375,7.859375,8.28125,8.036597,3433600,0.0,0.0
1997-11-11,8.3125,8.3125,7.9375,8.0,7.763659,1697200,0.0,0.0
1997-11-12,7.875,8.0625,7.484375,7.5,7.278429,3433600,0.0,0.0
1997-11-13,7.6875,7.90625,7.5625,7.890625,7.657513,4423600,0.0,0.0
1997-11-14,7.96875,8.46875,7.78125,8.375,8.127578,6646000,0.0,0.0
1997-11-17,8.40625,8.59375,8.375,8.5,8.248889,2545200,0.0,0.0
1997-11-18,8.46875,8.53125,8.21875,8.234375,7.991108,4348800,0.0,0.0
1997-11-19,8.25,8.25,7.953125,8.0,7.763659,2060400,0.0,0.0
1997-11-20,8.28125,9.125,8.25,8.96875,8.703786,10174000,0.0,0.0
1997-11-21,9.03125,9.1875,8.53125,8.671875,8.415685,5483200,0.0,0.0
1997-11-24,8.625,8.875,8.375,8.625,8.370192,3417200,0.0,0.0
1997-11-25,8.625,8.8125,8.375,8.46875,8.218558,2522000,0.0,0.0
1997-11-26,8.46875,8.78125,8.46875,8.546875,8.294375,4961200,0.0,0.0
1997-11-28,8.5625,8.5625,8.34375,8.375,8.127578,1390800,0.0,0.0
1997-12-01,8.375,8.4375,8.09375,8.125,7.884965,5848000,0.0,0.0
1997-12-02,8.09375,8.40625,7.875,8.3125,8.066927,5149200,0.0,0.0
1997-12-03,8.3125,8.78125,7.9375,8.78125,8.521828,5735600,0.0,0.0
1997-12-04,8.8125,9.21875,8.78125,8.96875,8.703786,6671600,0.0,0.0
1997-12-05,8.875,9.1875,8.75,9.0,8.734115,5116800,0.0,0.0
1997-12-08,8.96875,9.4375,8.828125,9.40625,9.128363,5022400,0.0,0.0
1997-12-09,9.375,9.40625,8.84375,8.9375,8.673461,4883600,0.0,0.0
1997-12-10,8.8125,8.875,8.5625,8.828125,8.567317,5309200,0.0,0.0
1997-12-11,8.65625,9.0,8.578125,8.8125,8.552153,5234800,0.0,0.0
1997-12-12,8.875,8.96875,8.25,8.359375,8.112415,2416400,0.0,0.0
1997-12-15,8.3125,8.40625,8.0625,8.40625,8.157905,6385600,0.0,0.0
1997-12-16,8.4375,8.75,8.34375,8.75,8.491503,4530400,0.0,0.0
1997-12-17,8.78125,9.125,8.75,8.96875,8.703786,5542800,0.0,0.0
1997-12-18,9.0,9.0625,8.703125,8.9375,8.673461,5118800,0.0,0.0
1997-12-19,8.84375,9.09375,8.703125,8.9375,8.673461,5525200,0.0,0.0
1997-12-22,9.0625,9.46875,8.96875,9.296875,9.02222,3851200,0.0,0.0
1997-12-23,9.3125,9.703125,8.875,8.921875,8.658296,5466400,0.0,0.0
1997-12-24,8.921875,9.140625,8.921875,9.0625,8.794768,781200,0.0,0.0
1997-12-26,9.125,9.25,9.0625,9.25,8.976731,419600,0.0,0.0
1997-12-29,9.3125,9.625,9.25,9.625,9.340651,2003600,0.0,0.0
1997-12-30,9.5625,9.625,9.0625,9.4375,9.158689,7240800,0.0,0.0
1997-12-31,9.5,9.5625,9.3125,9.453125,9.173854,3517600,0.0,0.0
1998-01-02,9.46875,9.65625,9.0625,9.34375,9.06771,2404000,0.0,0.0
1998-01-05,9.34375,9.71875,9.0,9.09375,8.825094,4844800,0.0,0.0
1998-01-06,9.03125,9.59375,8.84375,9.46875,9.189015,4144400,0.0,0.0
1998-01-07,9.40625,9.90625,9.125,9.53125,9.249669,7208000,0.0,0.0
1998-01-08,9.5,9.53125,9.25,9.421875,9.143525,3440000,0.0,0.0
1998-01-09,9.375,9.414063,8.84375,9.0,8.734115,5895600,0.0,0.0
1998-01-12,8.875,9.34375,8.8125,9.1875,8.916077,5170400,0.0,0.0
1998-01-13,9.28125,9.84375,9.21875,9.59375,9.310323,5516000,0.0,0.0
1998-01-14,9.59375,9.625,9.15625,9.421875,9.143525,5172800,0.0,0.0
1998-01-15,9.390625,9.8125,9.359375,9.46875,9.189015,5450800,0.0,0.0
1998-01-16,9.46875,9.53125,9.25,9.40625,9.128363,3166000,0.0,0.0
1998-01-20,9.421875,9.59375,9.40625,9.515625,9.234508,4383200,0.0,0.0
1998-01-21,9.5,9.5625,9.3125,9.53125,9.249669,2956000,0.0,0.0
1998-01-22,9.34375,9.5,9.21875,9.34375,9.06771,3742400,0.0,0.0
1998-01-23,9.78125,9.820313,9.023438,9.125,8.855424,30320000,0.0,0.0
1998-01-26,9.109375,9.3125,9.09375,9.140625,8.870584,9505200,0.0,0.0
1998-01-27,9.09375,9.25,9.0,9.09375,8.825094,3680400,0.0,0.0
1998-01-28,9.0,9.40625,9.0,9.265625,8.991894,6404800,0.0,0.0
1998-01-29,9.125,9.28125,9.125,9.21875,8.946401,2302400,0.0,0.0
1998-01-30,9.25,9.296875,8.875,8.984375,8.71895,2372400,0.0,0.0
1998-02-02,9.0625,9.15625,8.78125,8.9375,8.673461,3103600,0.0,0.0
1998-02-03,8.921875,8.96875,8.65625,8.8125,8.552153,3156800,0.0,0.0
1998-02-04,8.71875,8.96875,8.5,8.90625,8.643134,6621600,0.0,0.0
1998-02-05,9.0,9.09375,8.78125,8.875,8.612807,2858000,0.0,0.0
1998-02-06,8.8125,9.03125,8.8125,8.9375,8.673461,3814400,0.0,0.0
1998-02-09,8.875,9.09375,8.875,9.03125,8.764441,4894000,0.0,0.0
1998-02-10,9.0,9.5625,9.0,9.53125,9.249669,15524400,0.0,0.0
1998-02-11,9.53125,9.65625,9.4375,9.515625,9.234508,8050800,0.0,0.0
1998-02-12,9.453125,9.515625,9.210938,9.515625,9.234508,3564000,0.0,0.0
1998-02-13,9.5,9.996094,9.5,9.671875,9.386143,11266800,0.0,0.0
1998-02-17,9.6875,9.8125,9.5625,9.75,9.461957,6141600,0.0,0.0
1998-02-18,9.765625,10.03125,9.75,9.953125,9.659082,5020400,0.0,0.0
1998-02-19,10.0,11.0625,10.0,11.046875,10.720521,26539600,0.0,0.0
1998-02-20,11.078125,11.109375,10.34375,10.5625,10.250454,9247200,0.0,0.0
1998-02-23,10.75,10.78125,10.28125,10.34375,10.038166,8851200,0.0,0.0
1998-02-24,10.34375,10.5625,10.0625,10.390625,10.083657,6941200,0.0,0.0
1998-02-25,10.53125,11.125,10.484375,11.09375,10.766011,11901600,0.0,0.0
1998-02-26,11.03125,11.21875,10.9375,11.15625,10.826662,4893600,0.0,0.0
1998-02-27,11.125,11.390625,10.9375,11.03125,10.705356,4498800,0.0,0.0
1998-03-02,11.03125,11.25,10.671875,10.703125,10.386924,2976400,0.0,0.0
1998-03-03,10.6875,10.703125,10.375,10.65625,10.341434,3518400,0.0,0.0
1998-03-04,10.6875,10.96875,10.53125,10.78125,10.462742,6455600,0.0,0.0
1998-03-05,10.46875,10.78125,10.46875,10.5,10.1898,2054000,0.0,0.0
1998-03-06,10.53125,11.15625,10.5,11.15625,10.826662,4721200,0.0,0.0
1998-03-09,11.03125,11.34375,10.875,10.875,10.55372,3014000,0.0,0.0
1998-03-10,10.9375,11.046875,10.546875,11.03125,10.705356,4257600,0.0,0.0
1998-03-11,11.03125,11.34375,10.921875,11.09375,10.766011,6179200,0.0,0.0
1998-03-12,11.15625,11.25,10.84375,11.03125,10.705356,6882000,0.0,0.0
1998-03-13,11.0,11.28125,10.640625,10.671875,10.356597,4643600,0.0,0.0
1998-03-16,10.78125,10.9375,10.65625,10.890625,10.568886,3523200,0.0,0.0
1998-03-17,10.90625,11.09375,10.59375,10.65625,10.341434,3724000,0.0,0.0
1998-03-18,10.6875,11.1875,10.625,11.03125,10.705356,2496400,0.0,0.0
1998-03-19,11.03125,11.15625,10.953125,11.0625,10.735682,1974400,0.0,0.0
1998-03-20,11.03125,11.21875,10.875,11.203125,10.872152,3367600,0.0,0.0
1998-03-23,11.1875,11.5625,11.125,11.265625,10.932806,3424400,0.0,0.0
1998-03-24,11.28125,11.921875,11.21875,11.75,11.40287,5350400,0.0,0.0
1998-03-25,11.875,11.9375,11.5625,11.6875,11.342217,2678000,0.0,0.0
1998-03-26,11.53125,11.65625,11.25,11.46875,11.12993,2326400,0.0,0.0
1998-03-27,11.40625,11.578125,11.21875,11.375,11.03895,1151600,0.0,0.0
1998-03-30,11.34375,11.40625,11.125,11.28125,10.94797,1593600,0.0,0.0
1998-03-31,11.34375,11.875,11.1875,11.734375,11.38771,5408800,0.0,0.0
1998-04-01,11.625,11.78125,11.46875,11.65625,11.311891,3422000,0.0,0.0
1998-04-02,11.59375,11.859375,11.40625,11.65625,11.311891,2796400,0.0,0.0
1998-04-03,11.65625,11.71875,11.296875,11.328125,10.99346,3278000,0.0,0.0
1998-04-06,11.40625,11.40625,10.75,10.828125,10.508231,5284000,0.0,0.0
1998-04-07,10.875,10.9375,10.375,10.59375,10.280782,4262400,0.0,0.0
1998-04-08,10.625,10.9375,10.46875,10.65625,10.341434,2916800,0.0,0.0
1998-04-09,10.65625,10.75,10.4375,10.59375,10.280782,1147200,0.0,0.0
1998-04-13,10.59375,10.625,10.1875,10.40625,10.098821,2527600,0.0,0.0
1998-04-14,10.5,10.875,10.46875,10.859375,10.538559,3189600,0.0,0.0
1998-04-15,10.8125,11.09375,10.75,10.75,10.432414,2906000,0.0,0.0
1998-04-16,10.75,10.890625,10.65625,10.8125,10.493068,1314800,0.0,0.0
1998-04-17,10.71875,11.03125,10.71875,10.90625,10.584049,2150800,0.0,0.0
1998-04-20,10.875,11.109375,10.6875,10.765625,10.447576,2709200,0.0,0.0
1998-04-21,10.71875,10.875,10.46875,10.75,10.432414,2997600,0.0,0.0
1998-04-22,10.71875,10.84375,10.5625,10.78125,10.462742,2830400,0.0,0.0
1998-04-23,10.75,11.421875,10.75,11.203125,10.872152,5684800,0.0,0.0
1998-04-24,11.171875,11.4375,11.125,11.234375,10.902479,3544800,0.0,0.0
1998-04-27,11.234375,11.234375,10.6875,10.765625,10.447576,4811200,0.0,0.0
1998-04-28,10.78125,11.28125,10.6875,11.125,10.796335,5264000,0.0,0.0
1998-04-29,11.0625,11.25,10.90625,11.1875,10.856989,2998000,0.0,0.0
1998-04-30,11.25,11.59375,11.1875,11.5625,11.220912,6178000,0.0,0.0
1998-05-01,11.59375,12.25,11.5,12.171875,11.812283,3835600,0.0,0.0
1998-05-04,12.09375,12.28125,11.5,11.8125,11.463527,3946000,0.0,0.0
1998-05-05,11.8125,11.84375,11.34375,11.46875,11.12993,2439600,0.0,0.0
1998-05-06,11.46875,11.5625,11.0625,11.3125,10.978298,4383200,0.0,0.0
1998-05-07,11.53125,11.8125,11.09375,11.1875,10.856989,9032400,0.0,0.0
1998-05-08,11.21875,12.03125,11.1875,12.0,11.645488,9354000,0.0,0.0
1998-05-11,12.0,12.1875,11.734375,11.765625,11.418035,5118000,0.0,0.0
1998-05-12,11.71875,11.796875,11.28125,11.71875,11.372544,3849200,0.0,0.0
1998-05-13,11.8125,11.9375,11.640625,11.875,11.524179,1238000,0.0,0.0
1998-05-14,11.8125,11.875,11.5625,11.609375,11.2664,3777200,0.0,0.0
1998-05-15,11.78125,11.90625,11.28125,11.3125,10.978298,2540400,0.0,0.0
1998-05-18,11.34375,11.40625,10.90625,11.03125,10.705356,4050800,0.0,0.0
1998-05-19,11.21875,11.609375,11.171875,11.609375,11.2664,2702000,0.0,0.0
1998-05-20,11.6875,11.8125,11.296875,11.78125,11.433201,5495600,0.0,0.0
1998-05-21,11.75,11.8125,11.28125,11.335938,11.001044,3456000,0.0,0.0
1998-05-22,11.4375,11.4375,11.1875,11.25,10.917643,2238000,0.0,0.0
1998-05-26,11.3125,11.3125,10.5625,10.71875,10.402088,2696000,0.0,0.0
1998-05-27,10.75,11.25,10.4375,11.125,10.796335,2767200,0.0,0.0
1998-05-28,11.1875,11.3125,10.9375,11.15625,10.826662,3684800,0.0,0.0
1998-05-29,11.15625,11.21875,10.8125,10.875,10.55372,1762400,0.0,0.0
1998-06-01,10.75,11.09375,10.59375,10.640625,10.326269,2754400,0.0,0.0
1998-06-02,10.875,11.25,10.640625,11.15625,10.826662,2895600,0.0,0.0
1998-06-03,11.25,11.25,10.65625,10.84375,10.523395,1945600,0.0,0.0
1998-06-04,10.84375,11.1875,10.78125,11.1875,10.856989,2370400,0.0,0.0
1998-06-05,11.1875,11.203125,10.9375,11.140625,10.811502,1127600,0.0,0.0
1998-06-08,11.125,11.46875,11.125,11.3125,10.978298,4695600,0.0,0.0
1998-06-09,11.3125,11.5625,11.28125,11.359375,11.023786,2468800,0.0,0.0
1998-06-10,11.3125,11.53125,11.21875,11.328125,10.99346,2163200,0.0,0.0
1998-06-11,11.3125,11.5,11.0625,11.5,11.160259,3527200,0.0,0.0
1998-06-12,11.46875,12.03125,11.4375,11.875,11.524179,9438400,0.0,0.0
1998-06-15,11.8125,12.1875,11.4375,11.464844,11.126139,4415600,0.0,0.0
1998-06-16,11.5625,12.21875,11.5,12.21875,11.857775,5024800,0.0,0.0
1998-06-17,12.21875,12.625,12.1875,12.5,12.130713,5932400,0.0,0.0
1998-06-18,12.4375,12.59375,12.0625,12.421875,12.054897,4537600,0.0,0.0
1998-06-19,12.5,12.53125,12.296875,12.375,12.009407,3037200,0.0,0.0
1998-06-22,12.34375,13.140625,12.1875,13.125,12.737251,5414800,0.0,0.0
1998-06-23,13.1875,13.1875,12.890625,13.0625,12.676598,2767200,0.0,0.0
1998-06-24,13.03125,13.6875,12.90625,13.625,13.222479,5464000,0.0,0.0
1998-06-25,13.609375,13.6875,13.25,13.28125,12.888886,3965600,0.0,0.0
1998-06-26,13.1875,13.25,12.90625,13.0625,12.676598,2283200,0.0,0.0
1998-06-29,13.03125,13.75,13.0,13.710938,13.305879,2983200,0.0,0.0
1998-06-30,13.6875,13.6875,13.3125,13.5,13.101171,2714800,0.0,0.0
1998-07-01,13.5,14.015625,13.421875,13.84375,13.434767,3630800,0.0,0.0
1998-07-02,13.859375,13.9375,13.4375,13.5625,13.161824,3228400,0.0,0.0
1998-07-06,13.59375,13.703125,13.40625,13.59375,13.192149,2590000,0.0,0.0
1998-07-07,13.5,13.578125,13.09375,13.3125,12.919212,4205200,0.0,0.0
1998-07-08,13.21875,13.3125,12.90625,13.1875,12.797904,2882400,0.0,0.0
1998-07-09,13.1875,13.71875,13.1875,13.609375,13.207316,3111600,0.0,0.0
1998-07-10,13.625,13.75,13.125,13.5625,13.161824,2419600,0.0,0.0
1998-07-13,13.53125,13.78125,13.40625,13.671875,13.26797,2414400,0.0,0.0
1998-07-14,13.625,13.71875,13.25,13.4375,13.040519,2092800,0.0,0.0
1998-07-15,13.5,13.8125,13.421875,13.5625,13.161824,2798400,0.0,0.0
1998-07-16,13.5625,13.625,13.140625,13.203125,12.813065,2978400,0.0,0.0
1998-07-17,13.21875,13.78125,13.015625,13.625,13.222479,5134000,0.0,0.0
1998-07-20,13.59375,13.9375,13.375,13.9375,13.525745,4443200,0.0,0.0
1998-07-21,13.90625,14.0625,13.660156,13.765625,13.358951,4208800,0.0,0.0
1998-07-22,13.703125,13.890625,13.40625,13.84375,13.434767,3696800,0.0,0.0
1998-07-23,14.21875,14.28125,13.09375,13.15625,12.767577,6725200,0.0,0.0
1998-07-24,13.15625,13.15625,12.5,12.78125,12.403653,4164800,0.0,0.0
1998-07-27,12.78125,12.8125,11.8125,12.3125,11.948754,8078400,0.0,0.0
1998-07-28,12.328125,13.5625,12.09375,13.25,12.858558,7819600,0.0,0.0
1998-07-29,13.3125,13.4375,12.640625,12.703125,12.327838,6654000,0.0,0.0
1998-07-30,12.75,12.90625,12.59375,12.875,12.494636,3069600,0.0,0.0
1998-07-31,12.90625,12.90625,12.625,12.664063,12.289932,2818000,0.0,0.0
1998-08-03,12.6875,12.78125,12.03125,12.515625,12.145879,6023200,0.0,0.0
1998-08-04,12.578125,12.625,11.703125,11.8125,11.463527,7599200,0.0,0.0
1998-08-05,11.78125,12.421875,11.578125,11.75,11.40287,4106800,0.0,0.0
1998-08-06,11.75,12.5,11.625,12.375,12.009407,4148400,0.0,0.0
1998-08-07,12.4375,12.75,12.203125,12.328125,11.963919,2977600,0.0,0.0
1998-08-10,12.375,12.375,12.09375,12.09375,11.736466,1212400,0.0,0.0
1998-08-11,11.875,12.0625,11.6875,11.78125,11.433201,1401200,0.0,0.0
1998-08-12,11.890625,12.28125,11.875,12.203125,11.842608,2529200,0.0,0.0
1998-08-13,12.21875,12.46875,11.96875,12.125,11.766794,1890400,0.0,0.0
1998-08-14,12.1875,12.34375,11.96875,12.171875,11.812283,1449600,0.0,0.0
1998-08-17,12.0625,12.9375,12.0625,12.9375,12.555292,4008000,0.0,0.0
1998-08-18,13.09375,13.515625,13.0,13.359375,12.964703,5814000,0.0,0.0
1998-08-19,13.40625,13.5625,12.5,12.53125,12.161041,3477600,0.0,0.0
1998-08-20,12.609375,13.046875,12.53125,12.84375,12.464308,2696800,0.0,0.0
1998-08-21,12.8125,12.8125,11.953125,12.40625,12.039734,4354800,0.0,0.0
1998-08-24,12.46875,12.5625,11.90625,12.0,11.645488,2251200,0.0,0.0
1998-08-25,12.25,12.5,12.03125,12.375,12.009407,3609200,0.0,0.0
1998-08-26,12.1875,12.28125,11.96875,12.109375,11.75163,3744000,0.0,0.0
1998-08-27,11.9375,12.0,11.15625,11.25,10.917643,6410400,0.0,0.0
1998-08-28,11.34375,11.375,10.34375,10.765625,10.447576,5016000,0.0,0.0
1998-08-31,10.84375,10.90625,9.5,9.53125,9.249669,4698000,0.0,0.0
1998-09-01,9.625,11.03125,9.34375,11.03125,10.705356,9908400,0.0,0.0
1998-09-02,11.0,11.28125,10.640625,10.796875,10.477905,3976400,0.0,0.0
1998-09-03,10.6875,10.78125,10.203125,10.21875,9.916862,3582000,0.0,0.0
1998-09-04,10.21875,10.40625,9.828125,10.0,9.704571,2361600,0.0,0.0
1998-09-08,10.28125,11.03125,10.25,11.03125,10.705356,5793600,0.0,0.0
1998-09-09,11.0,11.40625,10.375,10.375,10.068495,4794800,0.0,0.0
1998-09-10,10.25,10.3125,9.65625,9.84375,9.552938,6027200,0.0,0.0
1998-09-11,9.9375,10.15625,9.875,10.125,9.825878,4962400,0.0,0.0
1998-09-14,10.28125,10.71875,10.25,10.625,10.311109,5631600,0.0,0.0
1998-09-15,10.65625,10.84375,10.40625,10.640625,10.326269,2928800,0.0,0.0
1998-09-16,10.75,10.84375,10.375,10.59375,10.280782,5039200,0.0,0.0
1998-09-17,10.125,10.78125,10.125,10.484375,10.174636,2379200,0.0,0.0
1998-09-18,10.46875,10.859375,10.375,10.75,10.432414,3822400,0.0,0.0
1998-09-21,10.5625,11.265625,10.5,11.21875,10.887318,2818000,0.0,0.0
1998-09-22,11.375,11.453125,10.9375,11.25,10.917643,2802800,0.0,0.0
1998-09-23,11.265625,12.5625,11.265625,12.46875,12.100387,8133200,0.0,0.0
1998-09-24,12.40625,12.78125,10.8125,10.90625,10.584049,13303200,0.0,0.0
1998-09-25,10.625,10.6875,9.65625,9.96875,9.674248,18800400,0.0,0.0
1998-09-28,10.1875,10.25,9.75,10.109375,9.810717,7094400,0.0,0.0
1998-09-29,10.25,10.6875,10.09375,10.578125,10.265618,7502400,0.0,0.0
1998-09-30,10.421875,11.0,10.3125,10.96875,10.644705,6074800,0.0,0.0
1998-10-01,10.75,10.8125,10.5,10.71875,10.402088,6788800,0.0,0.0
1998-10-02,10.6875,11.15625,10.429688,10.796875,10.477905,3712800,0.0,0.0
1998-10-05,10.625,10.6875,9.65625,9.71875,9.431631,5796000,0.0,0.0
1998-10-06,9.90625,10.03125,9.53125,9.609375,9.325487,6018400,0.0,0.0
1998-10-07,9.59375,9.59375,9.09375,9.140625,8.870584,7044000,0.0,0.0
1998-10-08,9.078125,9.078125,8.3125,8.5,8.248889,4370000,0.0,0.0
1998-10-09,8.5625,9.28125,8.5,9.0625,8.794768,3912400,0.0,0.0
1998-10-12,9.203125,10.015625,9.203125,9.8125,9.52261,3269600,0.0,0.0
1998-10-13,9.6875,9.78125,9.265625,9.328125,9.052544,1754000,0.0,0.0
1998-10-14,9.34375,10.171875,9.234375,9.703125,9.41647,3141200,0.0,0.0
1998-10-15,9.71875,10.375,9.71875,10.21875,9.916862,3942800,0.0,0.0
1998-10-16,10.21875,10.21875,9.734375,9.875,9.583266,5425200,0.0,0.0
1998-10-19,9.9375,10.125,9.796875,10.0,9.704571,3760400,0.0,0.0
1998-10-20,10.125,10.53125,10.03125,10.359375,10.053329,6846000,0.0,0.0
1998-10-21,10.46875,10.796875,10.375,10.546875,10.235291,5012000,0.0,0.0
1998-10-22,10.5,10.53125,9.390625,9.734375,9.446792,18402000,0.0,0.0
1998-10-23,9.75,9.90625,9.484375,9.484375,9.204181,4887200,0.0,0.0
1998-10-26,9.734375,9.75,9.484375,9.5,9.219342,3626800,0.0,0.0
1998-10-27,9.53125,10.15625,9.515625,9.875,9.583266,5118400,0.0,0.0
1998-10-28,9.8125,10.3125,9.75,10.078125,9.78039,2800800,0.0,0.0
1998-10-29,10.0,10.4375,10.0,10.28125,9.977514,3155200,0.0,0.0
1998-10-30,10.25,10.5,10.09375,10.28125,9.977514,1314800,0.0,0.0
1998-11-02,10.296875,11.15625,10.28125,11.15625,10.826662,3804400,0.0,0.0
1998-11-03,11.140625,11.242188,10.65625,11.0,10.675029,4455200,0.0,0.0
1998-11-04,11.25,11.578125,11.125,11.5,11.160259,4679200,0.0,0.0
1998-11-05,11.328125,11.90625,11.265625,11.828125,11.478689,3552000,0.0,0.0
1998-11-06,11.78125,12.125,11.78125,11.96875,11.615159,3644400,0.0,0.0
1998-11-09,12.0,12.1875,11.4375,11.609375,11.2664,2920000,0.0,0.0
1998-11-10,11.609375,11.609375,10.6875,10.703125,10.386924,5219200,0.0,0.0
1998-11-11,10.875,11.25,10.78125,11.03125,10.705356,3591600,0.0,0.0
1998-11-12,11.015625,11.203125,10.90625,11.109375,10.781173,1870400,0.0,0.0
1998-11-13,11.0625,11.15625,10.59375,10.75,10.432414,2449600,0.0,0.0
1998-11-16,10.8125,11.03125,10.8125,11.0,10.675029,1707200,0.0,0.0
1998-11-17,10.90625,11.21875,10.671875,11.171875,10.841825,2272800,0.0,0.0
1998-11-18,11.25,11.53125,11.0625,11.40625,11.06928,3186400,0.0,0.0
1998-11-19,11.5,11.65625,10.65625,10.6875,10.371763,3635600,0.0,0.0
1998-11-20,10.84375,11.09375,10.84375,10.875,10.55372,3082400,0.0,0.0
1998-11-23,10.9375,11.109375,10.78125,10.953125,10.629539,3533200,0.0,0.0
1998-11-24,10.984375,11.03125,10.84375,10.859375,10.538559,1295200,0.0,0.0
1998-11-25,10.875,11.015625,10.84375,10.9375,10.614372,2357600,0.0,0.0
1998-11-27,10.96875,11.0,10.921875,10.96875,10.644705,1108400,0.0,0.0
1998-11-30,10.96875,10.96875,10.5,10.53125,10.220126,4290800,0.0,0.0
1998-12-01,10.484375,10.8125,10.375,10.765625,10.447576,4509600,0.0,0.0
1998-12-02,10.90625,11.28125,10.78125,11.09375,10.766011,4212000,0.0,0.0
1998-12-03,11.125,11.53125,10.96875,11.125,10.796335,3062400,0.0,0.0
1998-12-04,11.15625,11.15625,10.75,10.78125,10.462742,2256800,0.0,0.0
1998-12-07,10.78125,11.65625,10.65625,11.5625,11.220912,4490000,0.0,0.0
1998-12-08,11.5,11.5625,11.140625,11.421875,11.084442,2254400,0.0,0.0
1998-12-09,11.46875,11.953125,11.125,11.875,11.524179,2483600,0.0,0.0
1998-12-10,12.0625,12.34375,11.40625,11.53125,11.190581,3106800,0.0,0.0
1998-12-11,11.609375,11.703125,11.21875,11.265625,10.932806,1532400,0.0,0.0
1998-12-14,11.21875,11.28125,10.671875,10.671875,10.356597,3039200,0.0,0.0
1998-12-15,10.75,11.132813,10.59375,10.84375,10.523395,2760400,0.0,0.0
1998-12-16,10.875,11.214844,10.796875,11.0,10.675029,3263600,0.0,0.0
1998-12-17,11.078125,11.5,10.984375,11.265625,10.932806,4314400,0.0,0.0
1998-12-18,11.3125,11.34375,11.15625,11.15625,10.826662,3105200,0.0,0.0
1998-12-21,11.203125,11.5625,10.984375,11.546875,11.205749,4620000,0.0,0.0
1998-12-22,11.5,12.15625,11.34375,11.71875,11.372544,2814800,0.0,0.0
1998-12-23,11.875,12.71875,11.4375,12.625,12.252024,5138800,0.0,0.0
1998-12-24,12.46875,12.5625,11.5,12.0,11.645488,990800,0.0,0.0
1998-12-28,12.125,12.515625,12.03125,12.28125,11.918427,1709200,0.0,0.0
1998-12-29,12.21875,12.476563,12.0625,12.3125,11.948754,1508800,0.0,0.0
1998-12-30,12.3125,12.96875,12.25,12.90625,12.524961,2718000,0.0,0.0
1998-12-31,13.0,14.03125,12.890625,14.03125,13.616728,4070400,0.0,0.0
1999-01-04,13.78125,13.8125,12.5,12.625,12.252024,4652800,0.0,0.0
1999-01-05,12.53125,12.84375,12.28125,12.453125,12.085224,3455600,0.0,0.0
1999-01-06,12.71875,13.15625,12.625,13.0625,12.676598,4294400,0.0,0.0
1999-01-07,12.84375,12.875,12.4375,12.65625,12.282349,2847600,0.0,0.0
1999-01-08,12.75,12.78125,11.578125,11.8125,11.463527,5378800,0.0,0.0
1999-01-11,11.90625,12.125,11.640625,11.640625,11.296729,3148400,0.0,0.0
1999-01-12,11.671875,11.703125,11.15625,11.390625,11.054115,3438400,0.0,0.0
1999-01-13,11.15625,11.796875,10.90625,11.21875,10.887318,2231200,0.0,0.0
1999-01-14,11.5625,11.5625,10.75,11.0,10.675029,2817600,0.0,0.0
1999-01-15,11.40625,11.90625,11.09375,11.75,11.40287,2110000,0.0,0.0
1999-01-19,12.0,12.03125,11.375,11.875,11.524179,1521200,0.0,0.0
1999-01-20,12.0,12.0625,11.5,11.515625,11.175422,3045200,0.0,0.0
1999-01-21,11.5625,11.8125,10.96875,11.625,11.281564,3183600,0.0,0.0
1999-01-22,11.65625,12.6875,11.40625,11.9375,11.584831,7739200,0.0,0.0
1999-01-25,12.34375,12.5625,11.5625,11.90625,11.554506,2641200,0.0,0.0
1999-01-26,12.09375,12.3125,11.59375,11.890625,11.53934,5123200,0.0,0.0
1999-01-27,11.9375,12.0,11.46875,11.5,11.160259,5036800,0.0,0.0
1999-01-28,11.71875,11.75,10.6875,10.984375,10.659864,5433200,0.0,0.0
1999-01-29,11.109375,11.3125,10.4375,10.539063,10.227708,6634400,0.0,0.0
1999-02-01,10.546875,10.875,10.25,10.6875,10.371763,5215200,0.0,0.0
1999-02-02,10.703125,10.71875,10.28125,10.4375,10.129146,2895600,0.0,0.0
1999-02-03,10.4375,10.640625,10.265625,10.59375,10.280782,2438000,0.0,0.0
1999-02-04,10.625,10.6875,10.3125,10.453125,10.14431,2238000,0.0,0.0
1999-02-05,10.4375,10.4375,9.78125,10.015625,9.719735,2522800,0.0,0.0
1999-02-08,10.3125,10.34375,9.65625,10.0,9.704571,2447200,0.0,0.0
1999-02-09,10.03125,10.3125,9.6875,9.765625,9.47712,2951600,0.0,0.0
1999-02-10,9.65625,10.0,9.53125,9.71875,9.431631,2740800,0.0,0.0
1999-02-11,9.859375,10.40625,9.515625,10.265625,9.96235,3533600,0.0,0.0
1999-02-12,10.25,10.265625,9.875,10.171875,9.871369,2968800,0.0,0.0
1999-02-16,10.375,10.65625,10.082031,10.28125,9.977514,4487600,0.0,0.0
1999-02-17,10.15625,10.28125,9.9375,10.09375,9.795549,6378800,0.0,0.0
1999-02-18,10.265625,10.3125,9.90625,10.03125,9.7349,4936800,0.0,0.0
1999-02-19,10.3125,10.5,9.875,10.03125,9.7349,4372000,0.0,0.0
1999-02-22,10.03125,10.3125,9.9375,10.28125,9.977514,2720000,0.0,0.0
1999-02-23,10.40625,10.4375,10.03125,10.15625,9.856206,2310000,0.0,0.0
1999-02-24,10.15625,10.5,10.015625,10.125,9.825878,4030000,0.0,0.0
1999-02-25,10.125,10.5,9.90625,10.125,9.825878,1828400,0.0,0.0
1999-02-26,10.125,10.1875,9.90625,9.96875,9.674248,2070000,0.0,0.0
1999-03-01,9.96875,10.03125,9.765625,9.953125,9.659082,1540000,0.0,0.0
1999-03-02,10.0,10.015625,9.65625,9.65625,9.370979,2517600,0.0,0.0
1999-03-03,9.734375,9.9375,9.5,9.5625,9.279996,1856800,0.0,0.0
1999-03-04,9.65625,10.375,9.59375,10.375,10.068495,4231600,0.0,0.0
1999-03-05,10.46875,10.65625,10.0625,10.234375,9.932022,2318000,0.0,0.0
1999-03-08,10.28125,11.0625,10.265625,10.75,10.432414,3321200,0.0,0.0
1999-03-09,10.875,11.0625,10.515625,10.90625,10.584049,3428800,0.0,0.0
1999-03-10,10.875,11.0,10.1875,10.25,9.947186,6451200,0.0,0.0
1999-03-11,10.3125,10.578125,10.0625,10.28125,9.977514,8988800,0.0,0.0
1999-03-12,10.3125,10.5625,10.09375,10.296875,9.99268,1399200,0.0,0.0
1999-03-15,10.34375,11.046875,10.3125,10.875,10.55372,4512800,0.0,0.0
1999-03-16,10.875,10.90625,10.625,10.8125,10.493068,2224400,0.0,0.0
1999-03-17,10.8125,10.921875,10.59375,10.78125,10.462742,1924400,0.0,0.0
1999-03-18,10.84375,11.875,10.8125,11.875,11.524179,5889600,0.0,0.0
1999-03-19,12.25,12.25,11.609375,11.640625,11.296729,5844400,0.0,0.0
1999-03-22,11.59375,11.71875,11.1875,11.609375,11.2664,2572800,0.0,0.0
1999-03-23,11.625,11.875,11.234375,11.234375,10.902479,4235600,0.0,0.0
1999-03-24,11.28125,11.890625,11.140625,11.875,11.524179,4036400,0.0,0.0
1999-03-25,11.921875,12.375,11.90625,12.3125,11.948754,5730400,0.0,0.0
1999-03-26,12.0625,12.375,12.03125,12.265625,11.903264,2074800,0.0,0.0
1999-03-29,12.25,12.71875,12.125,12.53125,12.161041,3956800,0.0,0.0
1999-03-30,12.46875,12.53125,12.15625,12.21875,11.857775,1775600,0.0,0.0
1999-03-31,12.21875,12.46875,11.71875,11.875,11.524179,3054400,0.0,0.0
1999-04-01,12.0,12.0625,11.875,11.96875,11.615159,2138800,0.0,0.0
1999-04-05,12.0,12.40625,11.890625,12.3125,11.948754,2310400,0.0,0.0
1999-04-06,12.1875,12.53125,11.90625,12.0,11.645488,2520000,0.0,0.0
1999-04-07,12.03125,12.5,11.984375,12.5,12.130713,2908800,0.0,0.0
1999-04-08,12.375,12.5,12.0625,12.375,12.009407,1766800,0.0,0.0
1999-04-09,12.359375,12.375,12.046875,12.234375,11.872938,1154400,0.0,0.0
1999-04-12,12.0625,12.328125,12.03125,12.234375,11.872938,1930800,0.0,0.0
1999-04-13,12.25,12.828125,12.21875,12.75,12.373329,9032400,0.0,0.0
1999-04-14,12.96875,13.3125,12.46875,13.21875,12.828232,5741200,0.0,0.0
1999-04-15,13.265625,13.3125,12.46875,12.8125,12.433985,3395200,0.0,0.0
1999-04-16,12.640625,13.375,12.4375,12.46875,12.100387,2269200,0.0,0.0
1999-04-19,12.5625,13.0,11.71875,11.90625,11.554506,1807600,0.0,0.0
1999-04-20,11.875,12.59375,11.375,12.59375,12.221695,3046000,0.0,0.0
1999-04-21,12.625,12.65625,11.875,12.515625,12.145879,1616000,0.0,0.0
1999-04-22,12.5,13.0,12.0625,13.0,12.615943,2849200,0.0,0.0
1999-04-23,12.875,13.4375,12.5625,13.21875,12.828232,3024800,0.0,0.0
1999-04-26,13.25,13.3125,12.828125,13.265625,12.873721,2823200,0.0,0.0
1999-04-27,13.15625,13.15625,12.875,12.9375,12.555292,3107200,0.0,0.0
1999-04-28,12.9375,13.1875,12.59375,12.65625,12.282349,4742800,0.0,0.0
1999-04-29,12.65625,12.984375,12.3125,12.75,12.373329,2688400,0.0,0.0
1999-04-30,12.90625,13.15625,12.15625,12.703125,12.327838,3495600,0.0,0.0
1999-05-03,12.625,12.625,11.96875,12.1875,11.827449,1949600,0.0,0.0
1999-05-04,12.125,12.921875,12.125,12.5625,12.191368,2553200,0.0,0.0
1999-05-05,12.53125,12.671875,11.96875,12.5625,12.191368,4968000,0.0,0.0
1999-05-06,12.75,12.8125,11.90625,11.90625,11.554506,5082400,0.0,0.0
1999-05-07,11.96875,12.109375,11.375,12.0,11.645488,4360800,0.0,0.0
1999-05-10,11.9375,12.375,11.875,12.28125,11.918427,3741200,0.0,0.0
1999-05-11,12.25,12.609375,12.25,12.5,12.130713,2649200,0.0,0.0
1999-05-12,12.5,13.0,12.21875,13.0,12.615943,3175200,0.0,0.0
1999-05-13,13.15625,13.25,12.765625,12.8125,12.433985,5724800,0.0,0.0
1999-05-14,12.71875,12.71875,12.0625,12.1875,11.827449,3484000,0.0,0.0
1999-05-17,12.1875,12.25,11.953125,12.09375,11.736466,4410000,0.0,0.0
1999-05-18,12.15625,12.53125,12.125,12.4375,12.070062,2447600,0.0,0.0
1999-05-19,12.53125,12.53125,12.40625,12.53125,12.161041,1216000,0.0,0.0
1999-05-20,12.5,12.84375,12.03125,12.054688,11.698559,2161600,0.0,0.0
1999-05-21,12.21875,12.53125,12.09375,12.4375,12.070062,2273600,0.0,0.0
1999-05-24,12.375,12.53125,11.9375,11.953125,11.599996,945200,0.0,0.0
1999-05-25,11.96875,12.515625,11.96875,12.234375,11.872938,1999600,0.0,0.0
1999-05-26,12.21875,12.40625,11.59375,12.234375,11.872938,2040000,0.0,0.0
1999-05-27,12.09375,12.53125,11.75,12.40625,12.039734,1418400,0.0,0.0
1999-05-28,12.4375,12.4375,11.9375,12.234375,11.872938,2038400,0.0,0.0
1999-06-01,12.25,12.375,11.71875,11.71875,11.372544,952400,0.0,0.0
1999-06-02,11.75,11.96875,11.398438,11.78125,11.433201,2428000,0.0,0.0
1999-06-03,11.78125,11.875,11.40625,11.453125,11.114769,1270800,0.0,0.0
1999-06-04,11.5,12.5,11.46875,12.375,12.009407,2662400,0.0,0.0
1999-06-07,12.4375,12.5,12.1875,12.40625,12.039734,2012000,0.0,0.0
1999-06-08,12.421875,12.484375,12.21875,12.34375,11.97908,1849600,0.0,0.0
1999-06-09,12.375,12.59375,12.34375,12.484375,12.115551,2685600,0.0,0.0
1999-06-10,12.484375,12.5,11.914063,12.125,11.766794,1391600,0.0,0.0
1999-06-11,12.1875,12.4375,12.078125,12.1875,11.827449,1304800,0.0,0.0
1999-06-14,12.1875,12.4375,11.828125,11.828125,11.478689,865200,0.0,0.0
1999-06-15,11.875,12.4375,11.875,12.15625,11.797119,1206000,0.0,0.0
1999-06-16,12.203125,12.53125,12.203125,12.5,12.130713,2897200,0.0,0.0
1999-06-17,12.46875,13.109375,12.3125,13.015625,12.631104,4945200,0.0,0.0
1999-06-18,12.796875,12.984375,12.5,12.828125,12.449144,2783200,0.0,0.0
1999-06-21,13.0,13.03125,12.515625,12.765625,12.388494,765600,0.0,0.0
1999-06-22,12.710938,12.90625,12.609375,12.625,12.252024,2169200,0.0,0.0
1999-06-23,12.59375,13.15625,12.585938,13.015625,12.631104,4452400,0.0,0.0
1999-06-24,13.03125,13.625,12.921875,13.34375,12.949538,6302800,0.0,0.0
1999-06-25,13.328125,13.328125,12.984375,13.078125,12.69176,2500800,0.0,0.0
1999-06-28,13.125,13.703125,13.09375,13.703125,13.298296,5191600,0.0,0.0
1999-06-29,13.703125,13.75,13.40625,13.71875,13.313459,2415200,0.0,0.0
1999-06-30,13.65625,13.78125,13.328125,13.5625,13.161824,2861600,0.0,0.0
1999-07-01,13.6875,13.6875,13.421875,13.515625,13.116332,1941600,0.0,0.0
1999-07-02,13.5,14.5,13.46875,14.46875,14.041304,4842000,0.0,0.0
1999-07-06,14.40625,14.71875,13.6875,13.765625,13.358951,3528800,0.0,0.0
1999-07-07,14.09375,14.28125,13.609375,14.1875,13.768361,2049600,0.0,0.0
1999-07-08,14.046875,14.09375,13.5,13.796875,13.389277,1540800,0.0,0.0
1999-07-09,13.8125,14.484375,13.6875,14.28125,13.859341,2695200,0.0,0.0
1999-07-12,14.25,14.296875,13.59375,14.09375,13.677382,1341200,0.0,0.0
1999-07-13,14.0,14.40625,13.921875,14.21875,13.798687,2476800,0.0,0.0
1999-07-14,14.34375,14.75,14.1875,14.703125,14.268753,3111200,0.0,0.0
1999-07-15,14.71875,14.71875,14.171875,14.390625,13.965487,2526000,0.0,0.0
1999-07-16,14.5625,14.875,14.515625,14.6875,14.25359,3228400,0.0,0.0
1999-07-19,14.640625,14.65625,14.125,14.125,13.707705,2262000,0.0,0.0
1999-07-20,14.125,14.1875,13.390625,13.40625,13.010192,1802800,0.0,0.0
1999-07-21,13.625,13.90625,13.21875,13.46875,13.070847,3184800,0.0,0.0
1999-07-22,13.453125,13.5,12.875,13.21875,12.828232,3210800,0.0,0.0
1999-07-23,14.0,15.03125,13.84375,14.765625,14.329408,9871600,0.0,0.0
1999-07-26,14.71875,14.8125,14.5,14.59375,14.162611,3408000,0.0,0.0
1999-07-27,14.578125,14.6875,13.9375,14.265625,13.844177,1766000,0.0,0.0
1999-07-28,14.21875,15.0,13.9375,14.796875,14.359732,2156400,0.0,0.0
1999-07-29,14.53125,14.625,14.25,14.484375,14.056466,1925200,0.0,0.0
1999-07-30,14.484375,14.53125,14.046875,14.234375,13.813851,1413600,0.0,0.0
1999-08-02,14.3125,14.6875,13.84375,13.875,13.465092,1317200,0.0,0.0
1999-08-03,13.890625,14.40625,13.84375,14.390625,13.965487,1259200,0.0,0.0
1999-08-04,14.390625,14.4375,13.71875,13.8125,13.404441,1404400,0.0,0.0
1999-08-05,13.875,14.515625,13.65625,14.40625,13.980648,1861600,0.0,0.0
1999-08-06,14.390625,14.5,14.015625,14.15625,13.738036,1713200,0.0,0.0
1999-08-09,14.1875,14.75,14.171875,14.34375,13.919996,1972400,0.0,0.0
1999-08-10,14.359375,14.625,13.9375,14.3125,13.889668,2256800,0.0,0.0
1999-08-11,14.359375,14.71875,14.28125,14.5,14.07163,1711200,0.0,0.0
1999-08-12,14.53125,14.75,14.40625,14.53125,14.101956,2803600,0.0,0.0
1999-08-13,14.6875,15.0,14.65625,14.9375,14.496202,3396800,0.0,0.0
1999-08-16,15.015625,15.59375,14.960938,15.15625,14.708492,3836000,0.0,0.0
1999-08-17,15.1875,16.734375,15.125,16.171875,15.694114,6884000,0.0,0.0
1999-08-18,16.109375,16.625,15.75,16.203125,15.72444,8012400,0.0,0.0
1999-08-19,16.0,16.40625,15.984375,16.21875,15.739601,5572400,0.0,0.0
1999-08-20,16.203125,16.40625,16.046875,16.375,15.891237,2540000,0.0,0.0
1999-08-23,16.4375,17.015625,16.375,16.859375,16.361301,3180800,0.0,0.0
1999-08-24,16.8125,17.359375,16.484375,17.09375,16.588751,3913200,0.0,0.0
1999-08-25,17.09375,17.09375,16.59375,16.71875,16.224831,1858000,0.0,0.0
1999-08-26,16.8125,17.546875,16.71875,16.71875,16.224831,3669600,0.0,0.0
1999-08-27,16.875,17.15625,16.75,16.984375,16.482607,2480400,0.0,0.0
1999-08-30,16.9375,17.0625,16.40625,16.734375,16.239994,1885600,0.0,0.0
1999-08-31,16.5,17.28125,16.265625,17.15625,16.649406,2807600,0.0,0.0
1999-09-01,17.1875,17.625,17.046875,17.28125,16.770714,2765200,0.0,0.0
1999-09-02,17.265625,17.9375,17.125,17.71875,17.195293,3938800,0.0,0.0
1999-09-03,18.125,18.890625,18.046875,18.6875,18.13542,4031200,0.0,0.0
1999-09-07,18.625,18.6875,18.25,18.25,17.710848,4247200,0.0,0.0
1999-09-08,17.984375,18.4375,17.875,18.15625,17.619864,3612800,0.0,0.0
1999-09-09,18.375,19.03125,18.21875,18.796875,18.241562,3603600,0.0,0.0
1999-09-10,18.828125,19.234375,18.75,19.046875,18.484179,4069200,0.0,0.0
1999-09-13,19.046875,19.0625,17.921875,17.96875,17.437901,5138800,0.0,0.0
1999-09-14,18.0,19.15625,17.96875,18.875,18.317377,4828400,0.0,0.0
1999-09-15,18.953125,19.125,18.203125,18.578125,18.029268,2328800,0.0,0.0
1999-09-16,18.5,18.703125,17.875,18.625,18.074768,3171200,0.0,0.0
1999-09-17,18.640625,18.78125,18.0625,18.6875,18.13542,3295600,0.0,0.0
1999-09-20,18.765625,18.90625,18.5,18.84375,18.28705,2976400,0.0,0.0
1999-09-21,18.8125,18.828125,17.78125,17.9375,17.407572,3310800,0.0,0.0
1999-09-22,17.90625,18.65625,17.90625,18.296875,17.756334,3967200,0.0,0.0
1999-09-23,18.375,18.5625,17.703125,17.75,17.225615,3638800,0.0,0.0
1999-09-24,17.734375,18.40625,17.3125,17.71875,17.195293,3986000,0.0,0.0
1999-09-27,17.890625,18.0625,17.171875,17.25,16.740383,1783200,0.0,0.0
1999-09-28,17.328125,18.8125,17.296875,18.625,18.074768,4049600,0.0,0.0
1999-09-29,18.625,18.90625,17.90625,18.5,17.953463,4088800,0.0,0.0
1999-09-30,18.59375,18.90625,17.828125,18.09375,17.55921,5597600,0.0,0.0
1999-10-01,18.015625,18.625,17.625,18.359375,17.816986,2876800,0.0,0.0
1999-10-04,18.421875,18.53125,17.53125,17.90625,17.377254,3700000,0.0,0.0
1999-10-05,17.96875,18.726562,17.75,18.5,17.953463,4011200,0.0,0.0
1999-10-06,18.53125,18.53125,18.0,18.40625,17.862478,4194000,0.0,0.0
1999-10-07,18.4375,18.5625,17.003906,17.84375,17.316591,4917200,0.0,0.0
1999-10-08,17.75,17.90625,16.703125,17.90625,17.377254,5426400,0.0,0.0
1999-10-11,17.8125,18.0,17.375,17.90625,17.377254,2312400,0.0,0.0
1999-10-12,17.71875,18.234375,17.4375,17.8125,17.286268,3600800,0.0,0.0
1999-10-13,17.75,18.0625,17.1875,17.375,16.861692,2372000,0.0,0.0
1999-10-14,17.28125,18.109375,16.96875,17.882812,17.354502,3269200,0.0,0.0
1999-10-15,17.90625,17.96875,17.078125,17.359375,16.846531,3590800,0.0,0.0
1999-10-18,17.171875,17.3125,16.0625,17.203125,16.694897,5381200,0.0,0.0
1999-10-19,17.5,17.5,16.5,16.609375,16.11869,2224000,0.0,0.0
1999-10-20,16.71875,17.0,16.46875,16.96875,16.467443,2973200,0.0,0.0
1999-10-21,16.53125,17.59375,16.4375,17.46875,16.952673,3275600,0.0,0.0
1999-10-22,18.15625,18.28125,17.0625,17.21875,16.710058,5862800,0.0,0.0
1999-10-25,17.1875,17.59375,16.734375,17.5625,17.043655,5481200,0.0,0.0
1999-10-26,17.625,19.046875,17.5,18.671875,18.120256,7997200,0.0,0.0
1999-10-27,18.609375,18.96875,18.40625,18.703125,18.150583,5027600,0.0,0.0
1999-10-28,19.0,19.453125,18.71875,19.28125,18.711624,2832000,0.0,0.0
1999-10-29,19.21875,20.5,19.21875,20.203125,19.606268,8505200,0.0,0.0
1999-11-01,20.15625,21.132812,20.15625,20.578125,19.970188,9810800,0.0,0.0
1999-11-02,20.609375,20.609375,19.65625,19.8125,19.22718,3294000,0.0,0.0
1999-11-03,19.765625,20.125,19.28125,19.359375,18.787447,3767200,0.0,0.0
1999-11-04,19.390625,19.875,19.375,19.8125,19.22718,5057600,0.0,0.0
1999-11-05,20.09375,20.5,19.84375,20.46875,19.864044,8064800,0.0,0.0
1999-11-08,20.46875,21.0625,20.421875,20.75,20.13699,1885200,0.0,0.0
1999-11-09,20.984375,21.671875,20.65625,21.171875,20.546398,2889200,0.0,0.0
1999-11-10,20.875,22.0625,20.84375,21.953125,21.304569,3319600,0.0,0.0
1999-11-11,21.9375,22.5625,21.921875,22.375,21.713978,4444000,0.0,0.0
1999-11-12,22.5,22.515625,21.5,22.265625,21.607836,3704000,0.0,0.0
1999-11-15,22.3125,22.625,22.09375,22.140625,21.486525,1453600,0.0,0.0
1999-11-16,22.1875,22.703125,21.84375,22.671875,22.002087,3594000,0.0,0.0
1999-11-17,22.65625,22.78125,21.96875,21.984375,21.334892,2411200,0.0,0.0
1999-11-18,22.0625,22.5,22.0,22.4375,21.774635,2435200,0.0,0.0
1999-11-19,22.5625,23.625,22.46875,23.0,22.320518,4510400,0.0,0.0
1999-11-22,24.625,27.578125,24.5,27.0625,26.262999,20486400,0.0,0.0
1999-11-23,26.96875,30.0625,26.40625,29.75,28.871101,8956000,0.0,0.0
1999-11-24,29.25,29.875,29.125,29.75,28.871101,11374000,0.0,0.0
1999-11-26,29.75,29.75,29.125,29.1875,28.325222,2545200,0.0,0.0
1999-11-29,29.09375,29.75,28.53125,29.015625,28.158422,4377200,0.0,0.0
1999-11-30,28.984375,28.984375,26.1875,26.21875,25.444176,6922000,0.0,0.0
1999-12-01,26.71875,26.984375,24.96875,25.40625,24.655676,6232800,0.0,0.0
1999-12-02,25.5625,27.75,24.8125,26.84375,26.050703,4718000,0.0,0.0
1999-12-03,27.359375,27.53125,26.34375,27.390625,26.581432,2003200,0.0,0.0
1999-12-06,27.515625,27.75,25.75,26.53125,25.747442,2251200,0.0,0.0
1999-12-07,26.75,27.1875,25.9375,27.140625,26.338816,2064400,0.0,0.0
1999-12-08,27.0,27.53125,26.125,27.015625,26.217508,3915600,0.0,0.0
1999-12-09,27.3125,28.59375,26.265625,26.625,25.838425,4182400,0.0,0.0
1999-12-10,26.96875,28.59375,26.96875,28.546875,27.703522,2896000,0.0,0.0
1999-12-13,28.515625,31.109375,27.84375,30.25,29.356331,3924000,0.0,0.0
1999-12-14,30.15625,30.15625,28.5625,28.75,27.900646,3448400,0.0,0.0
1999-12-15,28.796875,28.796875,26.96875,27.8125,26.990841,4680800,0.0,0.0
1999-12-16,27.96875,27.96875,26.34375,27.359375,26.551104,9880000,0.0,0.0
1999-12-17,27.703125,28.6875,19.5625,20.375,19.77306,44592800,0.0,0.0
1999-12-20,21.527344,21.53125,20.65625,20.765625,20.152149,27754400,0.0,0.0
1999-12-21,21.03125,21.140625,19.625,21.109375,20.485744,12888400,0.0,0.0
1999-12-22,21.109375,21.65625,20.25,20.78125,20.167315,7570400,0.0,0.0
1999-12-23,21.0625,21.625,20.34375,21.203125,20.576725,5106400,0.0,0.0
1999-12-27,21.25,21.625,19.96875,20.515625,19.909542,2972000,0.0,0.0
1999-12-28,20.742188,21.1875,20.5,20.984375,20.364435,2338000,0.0,0.0
1999-12-29,21.0,21.21875,20.53125,21.15625,20.531237,1478400,0.0,0.0
1999-12-30,21.25,21.3125,20.40625,20.5625,19.955029,1378800,0.0,0.0
1999-12-31,20.703125,21.125,20.40625,21.0,20.379601,1566000,0.0,0.0
2000-01-03,21.25,28.765625,20.59375,25.265625,24.519211,9040800,0.0,0.0
2000-01-04,23.75,24.5,22.3125,22.34375,21.683651,6331200,0.0,0.0
2000-01-05,22.0,24.375,21.515625,22.328125,21.668489,5072000,0.0,0.0
2000-01-06,22.0625,22.625,19.84375,20.0,19.409142,6408400,0.0,0.0
2000-01-07,21.015625,21.65625,20.3125,20.59375,19.985359,5456400,0.0,0.0
2000-01-10,21.28125,25.0,21.25,24.03125,23.321301,9786000,0.0,0.0
2000-01-11,23.5,26.765625,23.3125,23.75,23.048359,6759600,0.0,0.0
2000-01-12,24.265625,24.484375,22.15625,22.5,21.835285,4612400,0.0,0.0
2000-01-13,23.25,23.796875,22.21875,23.203125,22.517639,5160000,0.0,0.0
2000-01-14,23.5,23.53125,21.03125,21.203125,20.576725,4668400,0.0,0.0
2000-01-18,21.078125,21.09375,19.25,19.578125,18.999731,12421600,0.0,0.0
2000-01-19,19.359375,19.484375,19.0625,19.21875,18.650974,4629600,0.0,0.0
2000-01-20,20.46875,20.46875,18.75,19.140625,18.575157,5696000,0.0,0.0
2000-01-21,19.5,19.75,17.15625,17.25,16.740383,8121200,0.0,0.0
2000-01-24,17.75,18.75,17.484375,17.765625,17.240778,9941600,0.0,0.0
2000-01-25,18.328125,19.8125,17.125,18.984375,18.423525,5461600,0.0,0.0
2000-01-26,18.8125,19.4375,16.96875,18.265625,17.726009,14158800,0.0,0.0
2000-01-27,18.296875,19.390625,17.125,18.28125,17.741169,5180800,0.0,0.0
2000-01-28,18.34375,19.453125,17.75,17.765625,17.240778,6653600,0.0,0.0
2000-01-31,18.140625,20.5,17.5,20.4375,19.833723,5277600,0.0,0.0
2000-02-01,20.46875,20.984375,18.75,20.609375,20.000517,4379600,0.0,0.0
2000-02-02,20.6875,22.609375,19.75,21.9375,21.28941,5889200,0.0,0.0
2000-02-03,22.015625,23.089844,20.984375,23.0,22.320518,3909600,0.0,0.0
2000-02-04,22.78125,22.875,21.375,21.484375,20.849667,2622800,0.0,0.0
2000-02-07,21.59375,22.03125,19.90625,20.46875,19.864044,3283600,0.0,0.0
2000-02-08,20.40625,22.140625,20.34375,22.03125,21.380384,3414400,0.0,0.0
2000-02-09,22.171875,22.1875,20.125,20.1875,19.591099,1883600,0.0,0.0
2000-02-10,20.875,21.5,20.46875,21.484375,20.849667,2665200,0.0,0.0
2000-02-11,21.3125,21.421875,20.0,20.4375,19.833723,2496000,0.0,0.0
2000-02-14,20.625,21.09375,20.3125,20.96875,20.349272,1112400,0.0,0.0
2000-02-15,20.46875,21.65625,19.9375,21.328125,20.698034,2603200,0.0,0.0
2000-02-16,21.078125,22.625,20.875,21.25,20.622217,3043600,0.0,0.0
2000-02-17,21.484375,22.1875,21.082031,22.0,21.350058,2515600,0.0,0.0
2000-02-18,22.421875,23.578125,21.71875,22.625,21.956596,5776000,0.0,0.0
2000-02-22,22.1875,22.25,20.25,21.53125,20.895151,4987200,0.0,0.0
2000-02-23,21.5625,22.203125,20.90625,22.109375,21.4562,4840800,0.0,0.0
2000-02-24,22.1875,23.21875,20.90625,22.78125,22.108231,3028000,0.0,0.0
2000-02-25,22.40625,22.4375,20.9375,20.9375,20.318953,2532400,0.0,0.0
2000-02-28,20.921875,22.375,20.09375,21.96875,21.319729,3520400,0.0,0.0
2000-02-29,21.90625,25.5625,21.875,25.0,24.261427,6444400,0.0,0.0
2000-03-01,23.75,24.125,22.9375,23.734375,23.033197,6330000,0.0,0.0
2000-03-02,23.75,24.15625,23.59375,23.75,23.048359,3720000,0.0,0.0
2000-03-03,24.03125,25.84375,23.890625,25.546875,24.79215,3213600,0.0,0.0
2000-03-06,25.5,25.5,21.75,22.734375,22.062738,8284000,0.0,0.0
2000-03-07,22.863281,24.6875,22.578125,23.5,22.80574,9264000,0.0,0.0
2000-03-08,23.515625,24.671875,22.0,24.015625,23.306135,6436000,0.0,0.0
2000-03-09,24.0,24.875,23.25,24.765625,24.033974,3113200,0.0,0.0
2000-03-10,24.703125,26.125,22.90625,23.203125,22.517639,5687600,0.0,0.0
2000-03-13,22.980469,22.984375,21.546875,21.6875,21.046789,5192000,0.0,0.0
2000-03-14,20.109375,20.375,18.6875,18.75,18.196074,17405200,0.0,0.0
2000-03-15,19.046875,19.875,18.625,19.3125,18.741959,11374800,0.0,0.0
2000-03-16,19.390625,20.875,19.140625,20.296875,19.697245,5786400,0.0,0.0
2000-03-17,20.46875,21.375,19.53125,20.140625,19.545616,9121600,0.0,0.0
2000-03-20,20.328125,20.796875,19.0625,19.5,18.923914,3886400,0.0,0.0
2000-03-21,19.515625,19.875,18.75,19.300781,18.730581,4753200,0.0,0.0
2000-03-22,19.6875,21.0625,19.515625,20.4375,19.833723,3651600,0.0,0.0
2000-03-23,20.453125,20.8125,19.25,20.34375,19.742739,3828400,0.0,0.0
2000-03-24,20.28125,20.28125,18.765625,19.09375,18.529667,7078400,0.0,0.0
2000-03-27,19.28125,19.9375,18.734375,19.09375,18.529667,3089600,0.0,0.0
2000-03-28,19.40625,19.71875,18.65625,18.765625,18.211237,2048800,0.0,0.0
2000-03-29,18.90625,19.03125,17.53125,17.625,17.104305,5518800,0.0,0.0
2000-03-30,17.25,18.25,17.0625,17.578125,17.058821,5568800,0.0,0.0
2000-03-31,17.65625,18.09375,17.15625,17.796875,17.271107,4403200,0.0,0.0
2000-04-03,18.0,18.0,16.488281,16.671875,16.179338,4025600,0.0,0.0
2000-04-04,16.9375,17.53125,14.375,16.453125,15.967054,7273200,0.0,0.0
2000-04-05,16.125,18.0,16.0,17.046875,16.543257,6508800,0.0,0.0
2000-04-06,16.984375,18.03125,16.8125,17.703125,17.180126,3518400,0.0,0.0
2000-04-07,17.109375,17.1875,15.75,15.921875,15.451498,12963600,0.0,0.0
2000-04-10,16.078125,16.09375,14.015625,14.9375,14.496202,8215600,0.0,0.0
2000-04-11,14.625,15.96875,14.53125,15.015625,14.572023,6703600,0.0,0.0
2000-04-12,14.984375,15.65625,13.953125,13.953125,13.540911,4842400,0.0,0.0
2000-04-13,14.375,15.640625,14.0,14.625,14.192934,8278000,0.0,0.0
2000-04-14,14.53125,15.046875,13.96875,14.160156,13.741825,4224400,0.0,0.0
2000-04-17,14.015625,14.375,12.671875,14.03125,13.616728,5074800,0.0,0.0
2000-04-18,13.96875,15.0,13.96875,14.9375,14.496202,6115200,0.0,0.0
2000-04-19,15.1875,15.1875,14.0,14.0,13.586399,1912400,0.0,0.0
2000-04-20,14.203125,14.703125,13.625,14.703125,14.268753,3099200,0.0,0.0
2000-04-24,14.375,14.625,12.6875,13.3125,12.919212,3781200,0.0,0.0
2000-04-25,13.78125,14.3125,13.21875,13.296875,12.904046,7452800,0.0,0.0
2000-04-26,13.453125,15.40625,13.375,15.078125,14.632677,8602000,0.0,0.0
2000-04-27,14.421875,16.0625,13.5,15.375,14.920777,8215200,0.0,0.0
2000-04-28,15.53125,15.875,14.519531,15.125,14.678165,5032800,0.0,0.0
2000-05-01,15.0,15.03125,14.40625,14.71875,14.283917,7526800,0.0,0.0
2000-05-02,14.765625,14.78125,12.890625,13.34375,12.949538,9966800,0.0,0.0
2000-05-03,13.421875,14.0,12.875,13.515625,13.116332,6077600,0.0,0.0
2000-05-04,12.375,14.984375,12.25,13.796875,13.389277,16837600,0.0,0.0
2000-05-05,13.890625,16.40625,13.78125,15.421875,14.966269,12098400,0.0,0.0
2000-05-08,14.90625,16.4375,14.359375,14.625,14.192934,7813600,0.0,0.0
2000-05-09,14.875,14.875,13.6875,14.5625,14.132284,5072400,0.0,0.0
2000-05-10,14.515625,15.0,13.90625,14.265625,13.844177,4896400,0.0,0.0
2000-05-11,14.5,16.703125,13.5,16.453125,15.967054,7678000,0.0,0.0
2000-05-12,16.25,16.96875,15.0625,15.09375,14.647838,4318000,0.0,0.0
2000-05-15,15.140625,16.15625,14.675781,16.0,15.527317,4722000,0.0,0.0
2000-05-16,15.84375,16.75,15.828125,16.640625,16.149012,3386400,0.0,0.0
2000-05-17,16.554688,16.5625,15.8125,16.0625,15.587969,3917200,0.0,0.0
2000-05-18,16.296875,16.6875,15.125,15.4375,14.981434,3096400,0.0,0.0
2000-05-19,15.875,16.0625,14.484375,14.484375,14.056466,4535200,0.0,0.0
2000-05-22,14.5625,14.5625,12.546875,14.34375,13.919996,5518800,0.0,0.0
2000-05-23,14.015625,14.5,13.5,13.578125,13.176991,2624800,0.0,0.0
2000-05-24,13.46875,15.71875,13.453125,15.4375,14.981434,7750000,0.0,0.0
2000-05-25,15.40625,15.5625,14.53125,14.75,14.314243,3851200,0.0,0.0
2000-05-26,15.171875,15.1875,14.0,14.5,14.07163,2654800,0.0,0.0
2000-05-30,14.71875,15.84375,14.609375,15.6875,15.22405,5565600,0.0,0.0
2000-05-31,15.84375,16.75,15.765625,15.96875,15.496988,6050000,0.0,0.0
2000-06-01,16.078125,17.5,15.75,17.265625,16.755547,5307200,0.0,0.0
2000-06-02,18.125,18.75,17.75,17.921875,17.392416,4145200,0.0,0.0
2000-06-05,17.921875,18.5,17.4375,17.734375,17.210451,3276000,0.0,0.0
2000-06-06,17.71875,18.9375,17.0,17.015625,16.512934,7646800,0.0,0.0
2000-06-07,17.1875,18.0,16.78125,17.9375,17.407572,4978400,0.0,0.0
2000-06-08,17.226562,17.78125,17.0,17.125,16.619078,2394800,0.0,0.0
2000-06-09,17.675781,17.6875,16.0625,16.71875,16.224831,3362400,0.0,0.0
2000-06-12,16.90625,17.03125,15.765625,15.859375,15.390844,1936400,0.0,0.0
2000-06-13,15.625,16.21875,15.40625,16.125,15.648622,2611200,0.0,0.0
2000-06-14,15.9375,16.113281,15.28125,15.5625,15.102738,4264800,0.0,0.0
2000-06-15,15.859375,16.375,15.015625,16.296875,15.81542,3426800,0.0,0.0
2000-06-16,16.734375,16.9375,16.375,16.578125,16.08836,3892800,0.0,0.0
2000-06-19,16.578125,18.09375,16.4375,17.65625,17.134634,2725600,0.0,0.0
2000-06-20,17.441406,18.1875,17.125,17.6875,17.164961,4033600,0.0,0.0
2000-06-21,17.484375,18.5,17.21875,18.15625,17.619864,2249600,0.0,0.0
2000-06-22,18.125,20.1875,17.71875,19.28125,18.711624,7709600,0.0,0.0
2000-06-23,19.125,19.484375,18.234375,18.734375,18.18091,4450400,0.0,0.0
2000-06-26,18.921875,19.21875,18.40625,19.03125,18.469015,2134800,0.0,0.0
2000-06-27,19.25,19.46875,18.9375,19.234375,18.666132,2928000,0.0,0.0
2000-06-28,19.234375,20.03125,19.0,19.421875,18.848101,2890800,0.0,0.0
2000-06-29,19.359375,20.0,19.125,19.578125,18.999731,3205200,0.0,0.0
2000-06-30,19.453125,19.78125,18.234375,18.234375,17.695679,3159200,0.0,0.0
2000-07-03,18.21875,19.375,18.203125,18.84375,18.28705,1238000,0.0,0.0
2000-07-05,19.234375,19.78125,18.34375,18.734375,18.18091,2933600,0.0,0.0
2000-07-06,18.765625,20.046875,18.703125,19.921875,19.33333,2554400,0.0,0.0
2000-07-07,20.046875,21.25,20.03125,20.765625,20.152149,2690400,0.0,0.0
2000-07-10,20.546875,21.125,20.125,20.4375,19.833723,2473200,0.0,0.0
2000-07-11,20.359375,20.796875,19.90625,20.46875,19.864044,4044000,0.0,0.0
2000-07-12,20.484375,20.890625,20.0625,20.265625,19.666918,3413600,0.0,0.0
2000-07-13,20.25,20.4375,19.8125,20.0,19.409142,3168000,0.0,0.0
2000-07-14,20.117188,20.214844,19.6875,19.96875,19.378817,1436000,0.0,0.0
2000-07-17,20.046875,21.0625,19.6875,20.765625,20.152149,2202800,0.0,0.0
2000-07-18,20.6875,21.25,20.40625,20.71875,20.106659,2833600,0.0,0.0
2000-07-19,20.84375,22.0625,20.71875,21.484375,20.849667,3418000,0.0,0.0
2000-07-20,21.484375,22.21875,21.128906,21.75,21.107441,2874400,0.0,0.0
2000-07-21,21.65625,21.921875,20.78125,20.796875,20.182476,2233600,0.0,0.0
2000-07-24,20.75,21.6875,20.1875,20.199219,19.602476,2071600,0.0,0.0
2000-07-25,20.171875,20.25,18.953125,19.203125,18.635813,3566000,0.0,0.0
2000-07-26,19.125,22.125,18.96875,21.65625,21.016462,10827200,0.0,0.0
2000-07-27,21.640625,23.8125,20.53125,23.25,22.563128,6260400,0.0,0.0
2000-07-28,23.15625,23.21875,21.546875,22.578125,21.911102,4251600,0.0,0.0
2000-07-31,22.5,22.625,21.125,22.109375,21.4562,3215200,0.0,0.0
2000-08-01,21.84375,22.15625,21.0,21.0,20.379601,2246800,0.0,0.0
2000-08-02,21.140625,21.984375,20.796875,20.84375,20.227964,3440800,0.0,0.0
2000-08-03,20.78125,21.375,19.5,21.34375,20.713194,3253200,0.0,0.0
2000-08-04,21.625,21.625,20.875,21.484375,20.849667,3631600,0.0,0.0
2000-08-07,21.929688,22.21875,21.671875,22.15625,21.50169,3054000,0.0,0.0
2000-08-08,22.273438,22.28125,21.46875,21.5,20.864828,2942800,0.0,0.0
2000-08-09,21.625,21.71875,20.875,21.0625,20.440252,2519600,0.0,0.0
2000-08-10,21.546875,21.71875,20.9375,21.0625,20.440252,2230800,0.0,0.0
2000-08-11,21.1875,21.625,20.890625,21.484375,20.849667,893200,0.0,0.0
2000-08-14,21.5,22.4375,21.5,22.390625,21.729143,2724800,0.0,0.0
2000-08-15,22.75,23.3125,22.5,22.875,22.199205,4188800,0.0,0.0
2000-08-16,23.09375,23.25,22.125,22.59375,21.926266,3150400,0.0,0.0
2000-08-17,22.640625,23.0,22.3125,23.0,22.320518,2965200,0.0,0.0
2000-08-18,23.1875,23.234375,22.515625,22.609375,21.941431,5340000,0.0,0.0
2000-08-21,22.71875,23.0625,22.53125,22.71875,22.047571,2780400,0.0,0.0
2000-08-22,22.734375,24.21875,22.703125,23.6875,22.987701,3525200,0.0,0.0
2000-08-23,23.84375,24.09375,23.34375,23.8125,23.109013,1952400,0.0,0.0
2000-08-24,23.8125,25.3125,23.8125,24.859375,24.12496,5065200,0.0,0.0
2000-08-25,24.84375,26.875,24.71875,26.46875,25.686789,5454400,0.0,0.0
2000-08-28,25.234375,26.0,25.21875,25.65625,24.898289,4381200,0.0,0.0
2000-08-29,25.609375,26.46875,25.15625,26.25,25.474503,3422800,0.0,0.0
2000-08-30,26.265625,27.015625,26.1875,26.796875,26.005222,2010400,0.0,0.0
2000-08-31,26.859375,27.121094,26.0,26.984375,26.18718,2747600,0.0,0.0
2000-09-01,27.496094,27.5,26.40625,27.234375,26.429796,2352400,0.0,0.0
2000-09-05,27.34375,27.40625,27.015625,27.203125,26.399464,1743200,0.0,0.0
2000-09-06,27.0625,27.5,26.8125,26.984375,26.18718,1872800,0.0,0.0
2000-09-07,27.046875,27.40625,26.265625,26.859375,26.065872,4060000,0.0,0.0
2000-09-08,26.703125,26.71875,24.75,24.75,24.018814,3246000,0.0,0.0
2000-09-11,25.25,25.875,23.65625,25.3125,24.564697,2264400,0.0,2.0
2000-09-12,25.0625,25.4375,24.25,24.6875,23.95816,1287000,0.0,0.0
2000-09-13,24.0625,25.0,23.25,23.9375,23.230318,3183200,0.0,0.0
2000-09-14,24.03125,25.8125,24.0,24.6875,23.95816,2895800,0.0,0.0
2000-09-15,24.5,25.0,23.3125,23.75,23.048359,4052400,0.0,0.0
2000-09-18,23.5,24.03125,22.125,22.71875,22.047571,3607400,0.0,0.0
2000-09-19,22.75,24.0,22.75,23.84375,23.139338,2309000,0.0,0.0
2000-09-20,23.84375,23.9375,21.78125,23.625,22.927053,2744000,0.0,0.0
2000-09-21,23.515625,24.1875,22.4375,23.6875,22.987701,1183000,0.0,0.0
2000-09-22,22.53125,24.96875,22.5,24.28125,23.563913,4070400,0.0,0.0
2000-09-25,24.640625,27.46875,24.382812,26.625,25.838425,3588200,0.0,0.0
2000-09-26,27.0625,27.25,25.40625,25.4375,24.686008,3283000,0.0,0.0
2000-09-27,25.6875,26.375,20.75,22.59375,21.926266,17841000,0.0,0.0
2000-09-28,23.617188,25.5625,23.3125,25.0625,24.322083,5770800,0.0,0.0
2000-09-29,25.0625,26.125,24.5,24.6875,23.95816,4191200,0.0,0.0
2000-10-02,24.6875,25.0,23.75,24.53125,23.806528,1632000,0.0,0.0
2000-10-03,24.703125,25.46875,23.3125,23.375,22.684435,2335000,0.0,0.0
2000-10-04,23.78125,26.0,22.53125,25.03125,24.291758,3153200,0.0,0.0
2000-10-05,25.0625,25.25,23.90625,24.25,23.533588,1768200,0.0,0.0
2000-10-06,24.84375,24.96875,22.53125,23.46875,22.775419,3155200,0.0,0.0
2000-10-09,23.4375,25.5625,22.625,24.875,24.140123,1810000,0.0,0.0
2000-10-10,24.75,25.59375,24.5,24.96875,24.231102,1912600,0.0,0.0
2000-10-11,24.96875,25.0,23.03125,24.4375,23.715549,2279600,0.0,0.0
2000-10-12,24.257812,24.625,23.25,23.40625,22.714764,2275000,0.0,0.0
2000-10-13,23.4375,25.5,23.40625,25.0,24.261427,2515200,0.0,0.0
2000-10-16,25.09375,26.0,24.8125,25.53125,24.776989,2954000,0.0,0.0
2000-10-17,25.65625,26.59375,25.34375,26.5,25.717115,3520000,0.0,0.0
2000-10-18,26.15625,27.46875,25.1875,26.34375,25.565485,3023400,0.0,0.0
2000-10-19,26.992188,27.375,25.5625,26.21875,25.444176,3115800,0.0,0.0
2000-10-20,26.03125,27.34375,25.90625,26.78125,25.990055,2213600,0.0,0.0
2000-10-23,26.96875,28.96875,26.96875,27.6875,26.869534,3766600,0.0,0.0
2000-10-24,26.4375,26.875,24.4375,25.0,24.261427,7136400,0.0,0.0
2000-10-25,25.09375,27.0,23.0,23.09375,22.411497,5705400,0.0,0.0
2000-10-26,20.0,25.9375,19.96875,25.625,24.86797,10638000,0.0,0.0
2000-10-27,25.25,25.28125,23.6875,24.9375,24.200773,4269800,0.0,0.0
2000-10-30,24.921875,25.75,23.75,24.03125,23.321301,3374800,0.0,0.0
2000-10-31,24.40625,25.03125,23.9375,25.0,24.261427,2558400,0.0,0.0
2000-11-01,24.75,25.0,23.875,23.96875,23.260643,3380800,0.0,0.0
2000-11-02,24.1875,24.96875,23.8125,24.59375,23.867178,2910200,0.0,0.0
2000-11-03,24.59375,24.71875,24.0,24.5,23.776197,2248800,0.0,0.0
2000-11-06,24.375,24.6875,24.0,24.1875,23.472933,878200,0.0,0.0
2000-11-07,24.15625,24.5,23.875,23.96875,23.260643,1395400,0.0,0.0
2000-11-08,24.0,24.5625,22.78125,22.875,22.199205,3073400,0.0,0.0
2000-11-09,22.1875,22.90625,21.53125,22.59375,21.926266,4426000,0.0,0.0
2000-11-10,22.226562,22.25,20.90625,21.21875,20.591885,4124400,0.0,0.0
2000-11-13,21.1875,21.5625,19.8125,20.375,19.77306,4225400,0.0,0.0
2000-11-14,21.0,22.375,20.851562,21.96875,21.319729,3983400,0.0,0.0
2000-11-15,22.125,23.375,21.8125,22.5,21.835285,2415800,0.0,0.0
2000-11-16,22.484375,22.5,21.5,21.53125,20.895151,1967600,0.0,0.0
2000-11-17,22.0,22.1875,20.96875,21.59375,20.955811,3194200,0.0,0.0
2000-11-20,21.53125,21.59375,20.5625,20.65625,20.046011,3206000,0.0,0.0
2000-11-21,21.21875,22.0,20.75,20.96875,20.349272,2431400,0.0,0.0
2000-11-22,19.773438,19.78125,18.5625,19.09375,18.529667,5522600,0.0,0.0
2000-11-24,19.554688,22.21875,19.375,22.0,21.350058,1797600,0.0,0.0
2000-11-27,22.625,23.90625,22.4375,22.4375,21.774635,6503600,0.0,0.0
2000-11-28,21.4375,21.875,20.875,21.03125,20.409924,3621000,0.0,0.0
2000-11-29,21.0,21.0625,18.8125,19.84375,19.257513,5135600,0.0,0.0
2000-11-30,19.40625,19.4375,17.28125,17.84375,17.316591,9670200,0.0,0.0
2000-12-01,18.25,20.53125,18.21875,19.75,19.166533,3274000,0.0,0.0
2000-12-04,19.0625,19.5625,18.5,18.78125,18.226395,2178800,0.0,0.0
2000-12-05,16.96875,19.1875,16.96875,18.875,18.317377,7484800,0.0,0.0
2000-12-06,18.6875,19.3125,17.96875,17.96875,17.437901,4443600,0.0,0.0
2000-12-07,17.8125,18.21875,17.0,17.65625,17.134634,2215200,0.0,0.0
2000-12-08,17.53125,20.8125,17.0,20.75,20.13699,4962400,0.0,0.0
2000-12-11,19.96875,20.46875,18.96875,19.875,19.287834,5095800,0.0,0.0
2000-12-12,19.71875,21.6875,19.65625,20.84375,20.227964,5387200,0.0,0.0
2000-12-13,21.578125,22.0625,20.96875,21.4375,20.804176,6935400,0.0,0.0
2000-12-14,21.390625,21.59375,19.65625,20.0,19.409142,4132400,0.0,0.0
2000-12-15,19.40625,20.0,18.15625,18.90625,18.347708,5747800,0.0,0.0
2000-12-18,19.0,20.0,18.96875,20.0,19.409142,5004600,0.0,0.0
2000-12-19,19.75,20.6875,18.125,18.15625,17.619864,3495600,0.0,0.0
2000-12-20,18.0,18.625,16.875,18.0,17.468229,2361000,0.0,0.0
2000-12-21,18.0,20.875,17.96875,18.78125,18.226395,3405800,0.0,0.0
2000-12-22,19.742188,21.34375,19.71875,21.09375,20.470581,6037200,0.0,0.0
2000-12-26,21.21875,21.6875,20.5625,21.25,20.622217,3003400,0.0,0.0
2000-12-27,21.25,22.3125,21.03125,22.1875,21.532022,4115400,0.0,0.0
2000-12-28,22.1875,22.75,21.8125,22.25,21.59267,1976000,0.0,0.0
2000-12-29,22.34375,22.390625,20.84375,21.3125,20.682867,4280200,0.0,0.0
2001-01-02,21.84375,21.90625,18.53125,19.46875,18.893583,2344400,0.0,0.0
2001-01-03,19.40625,20.5,19.25,20.179688,19.583521,4705400,0.0,0.0
2001-01-04,19.75,20.59375,19.53125,20.34375,19.742739,6723600,0.0,0.0
2001-01-05,20.375,20.5,17.625,17.625,17.104305,8838400,0.0,0.0
2001-01-08,17.4375,18.5,17.3125,18.40625,17.862478,3561200,0.0,0.0
2001-01-09,18.75,19.5,18.53125,19.03125,18.469015,2423400,0.0,0.0
2001-01-10,18.9375,19.625,18.3125,19.5625,18.98457,2891000,0.0,0.0
2001-01-11,17.5,18.0625,17.25,17.71875,17.195293,17488000,0.0,0.0
2001-01-12,17.6875,18.34375,17.625,18.125,17.589537,4729400,0.0,0.0
2001-01-16,18.0,19.125,17.90625,18.71875,18.165747,10342800,0.0,0.0
2001-01-17,19.195312,19.3125,18.65625,18.6875,18.13542,2244200,0.0,0.0
2001-01-18,18.734375,20.125,18.65625,19.59375,19.014896,3081000,0.0,0.0
2001-01-19,19.84375,21.875,19.5,20.75,20.13699,6078800,0.0,0.0
2001-01-22,21.125,21.96875,19.8125,20.25,19.651756,3401600,0.0,0.0
2001-01-23,20.34375,21.65625,20.3125,21.375,20.743526,3011800,0.0,0.0
2001-01-24,21.59375,22.375,21.0,21.125,20.500908,6843600,0.0,0.0
2001-01-25,20.125,20.59375,19.3125,19.78125,19.196856,6717400,0.0,0.0
2001-01-26,19.4375,19.78125,18.09375,19.125,18.559992,5686400,0.0,0.0
2001-01-29,19.0,19.703125,18.90625,19.34375,18.772285,2921400,0.0,0.0
2001-01-30,19.3125,20.75,19.0625,20.0,19.409142,4240200,0.0,0.0
2001-01-31,21.875,24.15625,21.8125,22.90625,22.229538,12574800,0.0,0.0
2001-02-01,23.1875,23.375,22.46875,22.78125,22.108231,3937200,0.0,0.0
2001-02-02,22.78125,23.15625,22.375,22.8125,22.138559,6200800,0.0,0.0
2001-02-05,22.65625,23.5625,22.34375,23.21875,22.532801,2075000,0.0,0.0
2001-02-06,23.25,24.90625,22.9375,23.90625,23.199991,3368200,0.0,0.0
2001-02-07,23.53125,25.0,23.25,23.9375,23.230318,2617200,0.0,0.0
2001-02-08,24.15625,24.6875,23.125,23.5625,22.866402,3411600,0.0,0.0
2001-02-09,23.484375,23.90625,22.25,23.75,23.048359,7128000,0.0,0.0
2001-02-12,23.648438,25.21875,23.34375,24.5625,23.836853,4736200,0.0,0.0
2001-02-13,24.71875,26.125,24.65625,24.8125,24.079468,3977200,0.0,0.0
2001-02-14,24.71875,25.59375,24.28125,25.5625,24.807306,3206000,0.0,0.0
2001-02-15,25.75,26.9375,24.625,24.875,24.140123,6405800,0.0,0.0
2001-02-16,24.21875,24.78125,23.125,24.375,23.654898,5828600,0.0,0.0
2001-02-20,24.625,24.71875,22.9375,23.15625,22.472147,3508400,0.0,0.0
2001-02-21,23.15625,24.375,22.90625,23.625,22.927053,6537400,0.0,0.0
2001-02-22,24.03125,27.28125,23.9375,26.46875,25.686789,12190400,0.0,0.0
2001-02-23,26.21875,27.15625,25.21875,26.53125,25.747442,7227800,0.0,0.0
2001-02-26,26.328125,27.25,25.75,25.90625,25.140907,4379000,0.0,0.0
2001-02-27,25.96875,25.96875,24.1875,24.96875,24.231102,5278200,0.0,0.0
2001-02-28,24.84375,26.40625,24.625,25.0,24.261427,4227000,0.0,0.0
2001-03-01,24.65625,26.6875,23.375,26.15625,25.38352,5827000,0.0,0.0
2001-03-02,25.21875,26.5625,25.0,25.90625,25.140907,5424200,0.0,0.0
2001-03-05,25.5,25.5625,24.6875,25.0,24.261427,3623800,0.0,0.0
2001-03-06,25.226562,25.8125,24.5,25.625,24.86797,2884000,0.0,0.0
2001-03-07,25.75,27.625,25.75,27.3125,26.505613,4416800,0.0,0.0
2001-03-08,26.6875,26.9375,26.15625,26.40625,25.626129,4458000,0.0,0.0
2001-03-09,26.15625,26.15625,24.9375,25.0625,24.322083,3183200,0.0,0.0
2001-03-12,24.84375,26.8125,24.125,24.96875,24.231102,5027600,0.0,0.0
2001-03-13,25.1875,26.65625,24.4375,26.375,25.595808,5109400,0.0,0.0
2001-03-14,24.875,27.5,24.84375,26.3125,25.535154,4803200,0.0,0.0
2001-03-15,26.6875,27.125,25.3125,25.84375,25.08025,5018000,0.0,0.0
2001-03-16,25.867188,25.875,22.78125,23.6875,22.987701,12134200,0.0,0.0
2001-03-19,23.875,25.5,23.0,25.1875,24.44339,5149600,0.0,0.0
2001-03-20,25.5,26.75,24.03125,24.15625,23.442606,6521200,0.0,0.0
2001-03-21,24.5625,26.03125,24.1875,25.125,24.382736,6028000,0.0,0.0
2001-03-22,24.8125,26.125,24.28125,25.5,24.746658,7189200,0.0,0.0
2001-03-23,25.96875,26.53125,25.5,26.0,25.231886,6385600,0.0,0.0
2001-03-26,26.375,26.8125,25.625,25.875,25.110584,4951600,0.0,0.0
2001-03-27,25.625,27.46875,24.9375,27.375,26.566263,6403000,0.0,0.0
2001-03-28,26.71875,28.40625,26.4375,27.9375,27.112146,13631000,0.0,0.0
2001-03-29,27.28125,28.25,26.9375,28.0625,27.233456,8114400,0.0,0.0
2001-03-30,27.5625,27.796875,26.96875,27.125,26.323648,5393200,0.0,0.0
2001-04-02,27.0,27.34375,26.46875,26.71875,25.929405,5514200,0.0,0.0
2001-04-03,26.4375,26.84375,25.375,26.53125,25.747442,7981600,0.0,0.0
2001-04-04,25.0,25.65625,22.65625,24.1875,23.472933,27941000,0.0,0.0
2001-04-05,24.90625,25.40625,23.21875,25.367188,24.617767,12110200,0.0,0.0
2001-04-06,24.84375,26.84375,24.375,26.40625,25.626129,11735000,0.0,0.0
2001-04-09,26.370001,26.775,25.405001,26.745001,25.954872,6459600,0.0,0.0
2001-04-10,26.799999,28.129999,26.045,27.860001,27.03694,8058600,0.0,0.0
2001-04-11,28.254999,28.645,27.145,27.995001,27.16795,8444800,0.0,0.0
2001-04-12,27.0,28.950001,26.92,28.875,28.021948,6787600,0.0,0.0
2001-04-16,28.725,29.24,28.0,28.83,27.978281,8797000,0.0,0.0
2001-04-17,28.535,29.17,27.25,27.885,27.061195,6514400,0.0,0.0
2001-04-18,28.645,30.85,27.875,29.504999,28.633333,13024600,0.0,0.0
2001-04-19,29.43,30.125,28.245001,30.08,29.191357,7551000,0.0,0.0
2001-04-20,29.700001,29.700001,27.379999,28.395,27.556133,8612800,0.0,0.0
2001-04-23,27.85,28.700001,27.475,27.825001,27.002972,4785000,0.0,0.0
2001-04-24,27.945,28.625,27.25,27.754999,26.935036,5441000,0.0,0.0
2001-04-25,27.805,28.584999,27.209999,28.52,27.677439,4745800,0.0,0.0
2001-04-26,28.610001,28.75,27.41,27.99,27.163095,4194600,0.0,0.0
2001-04-27,28.155001,29.25,28.08,28.485001,27.643473,5353800,0.0,0.0
2001-04-30,28.6,28.780001,27.9,28.309999,27.47364,4485400,0.0,0.0
2001-05-01,28.299999,31.125,28.25,31.094999,30.176367,6908000,0.0,0.0
2001-05-02,31.0,31.075001,28.625,29.0,28.143259,7746800,0.0,0.0
2001-05-03,28.655001,28.825001,26.955,27.334999,26.527441,5845200,0.0,0.0
2001-05-04,26.905001,29.684999,26.584999,29.65,28.774055,7265200,0.0,0.0
2001-05-07,29.049999,29.5,28.555,29.059999,28.201487,4112600,0.0,0.0
2001-05-08,29.035,29.32,27.625,27.809999,26.988419,5200600,0.0,0.0
2001-05-09,27.799999,28.584999,27.375,28.025,27.197062,5466600,0.0,0.0
2001-05-10,28.775,28.844999,27.0,27.26,26.454666,3868600,0.0,0.0
2001-05-11,27.465,27.975,25.625,26.625,25.838425,8498800,0.0,0.0
2001-05-14,26.745001,27.475,26.025,27.385,26.57597,4407800,0.0,0.0
2001-05-15,27.275,28.950001,27.27,27.865,27.041786,6651000,0.0,0.0
2001-05-16,27.775,30.139999,27.775,30.120001,29.230175,10432800,0.0,0.0
2001-05-17,29.950001,30.125,28.674999,29.4,28.531441,6934400,0.0,0.0
2001-05-18,29.68,29.809999,28.725,29.629999,28.754646,4820400,0.0,0.0
2001-05-21,29.75,31.014999,29.475,30.975,30.059914,7353000,0.0,0.0
2001-05-22,31.049999,31.875,30.094999,30.879999,29.967716,6285000,0.0,0.0
2001-05-23,30.815001,30.875,29.75,29.875,28.992405,6642000,0.0,0.0
2001-05-24,29.905001,31.684999,29.805,31.525,30.593662,4814000,0.0,0.0
2001-05-25,31.525,31.530001,30.225,30.9,29.987122,4363600,0.0,0.0
2001-05-29,30.9,30.9,29.209999,29.360001,28.49262,9703400,0.0,0.0
2001-05-30,29.205,29.549999,28.549999,28.99,28.133558,6085200,0.0,0.0
2001-05-31,29.075001,30.094999,29.0,29.445,28.575113,7365800,0.0,0.0
2001-06-01,29.504999,30.5,29.5,30.15,29.259285,4631800,0.0,0.0
2001-06-04,30.355,30.450001,29.68,29.950001,29.065195,2837600,0.0,0.0
2001-06-05,29.934999,31.385,29.915001,31.18,30.258856,5693400,0.0,0.0
2001-06-06,30.780001,30.959999,29.969999,30.674999,29.768774,6925600,0.0,0.0
2001-06-07,30.674999,31.0,30.25,30.825001,29.914337,2830600,0.0,0.0
2001-06-08,30.745001,30.745001,29.115,29.205,28.342201,3226200,0.0,0.0
2001-06-11,29.254999,29.715,28.375,28.639999,27.793896,4107600,0.0,0.0
2001-06-12,28.475,30.110001,28.23,29.495001,28.623636,4310800,0.0,0.0
2001-06-13,29.485001,29.84,28.6,28.790001,27.939465,3246600,0.0,0.0
2001-06-14,28.66,28.695,27.9,27.915001,27.090317,5579800,0.0,0.0
2001-06-15,27.584999,29.375,27.415001,28.475,27.633768,5362200,0.0,0.0
2001-06-18,29.1,29.135,28.049999,28.325001,27.488201,3300400,0.0,0.0
2001-06-19,28.68,29.485001,28.504999,29.0,28.143259,3971400,0.0,0.0
2001-06-20,28.860001,31.0,28.825001,30.545,29.642612,5117200,0.0,0.0
2001-06-21,30.495001,30.875,28.549999,28.895,28.041359,8866600,0.0,0.0
2001-06-22,28.879999,29.0,27.594999,27.605,26.789473,5274800,0.0,0.0
2001-06-25,27.745001,27.799999,26.799999,26.825001,26.032513,3865400,0.0,0.0
2001-06-26,26.75,27.18,26.059999,26.950001,26.153822,5950800,0.0,0.0
2001-06-27,27.129999,28.305,27.0,27.549999,26.73609,3721000,0.0,0.0
2001-06-28,27.715,28.700001,27.665001,28.235001,27.400858,4794200,0.0,0.0
2001-06-29,28.23,29.275,28.225,28.950001,28.09474,3520800,0.0,0.0
2001-07-02,28.674999,28.799999,26.940001,27.115,26.313946,7065600,0.0,0.0
2001-07-03,26.875,27.110001,25.375,26.715,25.925768,9029200,0.0,0.0
2001-07-05,26.745001,27.42,26.424999,26.495001,25.712263,2196800,0.0,0.0
2001-07-06,26.549999,27.35,26.25,27.190001,26.386732,5356400,0.0,0.0
2001-07-09,27.02,27.25,25.799999,26.49,25.707411,5803000,0.0,0.0
2001-07-10,26.799999,26.825001,25.275,25.504999,24.751509,7910400,0.0,0.0
2001-07-11,25.535,27.424999,25.48,26.965,26.168381,5478200,0.0,0.0
2001-07-12,27.395,29.525,27.275,29.049999,28.191778,7289400,0.0,0.0
2001-07-13,28.790001,29.75,28.08,29.475,28.604227,4456400,0.0,0.0
2001-07-16,29.4,29.799999,28.514999,28.725,27.876389,4974400,0.0,0.0
2001-07-17,28.775,29.75,27.9,28.344999,27.507608,5178000,0.0,0.0
2001-07-18,28.43,28.870001,27.525,27.975,27.148542,2586600,0.0,0.0
2001-07-19,28.5,29.48,27.879999,28.084999,27.255287,2833600,0.0,0.0
2001-07-20,27.950001,28.309999,27.200001,27.290001,26.48377,7479000,0.0,0.0
2001-07-23,27.200001,27.49,25.950001,26.549999,25.765635,4942200,0.0,0.0
2001-07-24,26.719999,27.139999,26.129999,26.559999,25.775337,6006400,0.0,0.0
2001-07-25,26.665001,27.985001,26.555,27.855,27.032082,5337000,0.0,0.0
2001-07-26,27.9,29.424999,27.025,29.205,28.342201,5285600,0.0,0.0
2001-07-27,28.995001,30.540001,28.945,30.49,29.589237,8435800,0.0,0.0
2001-07-30,30.275,30.4,29.65,30.02,29.133127,4075000,0.0,0.0
2001-07-31,29.85,29.950001,28.424999,28.459999,27.619209,10927600,0.0,0.0
2001-08-01,28.84,30.049999,28.75,29.934999,29.050636,6397400,0.0,0.0
2001-08-02,29.969999,30.025,29.275,29.85,28.968151,3381600,0.0,0.0
2001-08-03,29.719999,29.719999,29.01,29.455,28.584816,2260600,0.0,0.0
2001-08-06,29.424999,29.605,28.889999,29.41,28.541142,2651400,0.0,0.0
2001-08-07,29.545,29.559999,28.870001,29.360001,28.49262,2367400,0.0,0.0
2001-08-08,29.275,29.889999,27.84,28.135,27.30381,3087600,0.0,0.0
2001-08-09,28.174999,29.495001,27.85,29.025,28.167517,4488400,0.0,0.0
2001-08-10,28.945,29.030001,28.190001,28.945,28.089882,2684600,0.0,0.0
2001-08-13,28.945,29.620001,28.59,29.395,28.526587,2798600,0.0,0.0
2001-08-14,28.85,29.75,28.799999,29.57,28.696419,3847000,0.0,0.0
2001-08-15,29.575001,29.705,29.275,29.305,28.439251,3445600,0.0,0.0
2001-08-16,29.139999,29.5,27.445,28.215,27.381453,5988200,0.0,0.0
2001-08-17,28.07,28.455,27.535,28.110001,27.279547,2978000,0.0,0.0
2001-08-20,28.18,28.940001,27.879999,28.785,27.934607,2387800,0.0,0.0
2001-08-21,28.799999,29.5,28.155001,28.209999,27.376596,3734200,0.0,0.0
2001-08-22,28.315001,28.85,27.74,28.68,27.83271,2643800,0.0,0.0
2001-08-23,28.594999,29.49,28.280001,28.985001,28.128702,4588200,0.0,0.0
2001-08-24,29.0,29.450001,28.875,29.09,28.230595,4251200,0.0,0.0
2001-08-27,28.995001,29.309999,28.690001,29.004999,28.148108,3335200,0.0,0.0
2001-08-28,29.145,29.549999,28.735001,28.775,27.924906,2268600,0.0,0.0
2001-08-29,29.049999,29.125,28.525,28.844999,27.99284,1744400,0.0,0.0
2001-08-30,28.695,29.0,27.674999,28.174999,27.342632,3136600,0.0,0.0
2001-08-31,28.02,28.99,28.01,28.855,28.002539,3346000,0.0,0.0
2001-09-04,28.865,30.200001,28.434999,28.450001,27.609503,5265200,0.0,0.0
2001-09-05,28.620001,28.825001,27.615,27.805,26.983559,5654000,0.0,0.0
2001-09-06,27.735001,28.49,26.950001,27.745001,26.925335,6121600,0.0,0.0
2001-09-07,27.495001,28.455,27.115,28.07,27.240734,4688600,0.0,0.0
2001-09-10,27.905001,27.945,26.344999,27.135,26.333353,5904400,0.0,0.0
2001-09-17,26.424999,26.424999,23.84,24.620001,23.892656,7821600,0.0,0.0
2001-09-18,24.559999,25.235001,24.040001,24.334999,23.616077,5873200,0.0,0.0
2001-09-19,24.33,24.35,20.495001,22.825001,22.150684,22174800,0.0,0.0
2001-09-20,22.33,23.855,21.645,23.15,22.466082,11256600,0.0,0.0
2001-09-21,21.719999,24.434999,21.6,24.35,23.630632,14351000,0.0,0.0
2001-09-24,24.77,24.995001,23.6,23.915001,23.208485,9639400,0.0,0.0
2001-09-25,23.879999,23.985001,21.799999,22.219999,21.563555,14723400,0.0,0.0
2001-09-26,22.674999,23.334999,22.375,22.73,22.058489,8934000,0.0,0.0
2001-09-27,22.735001,22.745001,21.0,22.52,21.8547,10147600,0.0,0.0
2001-09-28,22.504999,23.309999,22.219999,22.834999,22.160393,9104000,0.0,0.0
2001-10-01,22.565001,23.215,21.26,21.389999,20.758078,6850400,0.0,0.0
2001-10-02,21.379999,22.025,20.6,21.469999,20.835716,9587000,0.0,0.0
2001-10-03,21.25,23.950001,20.795,23.040001,22.359337,8709200,0.0,0.0
2001-10-04,23.299999,24.950001,22.84,24.139999,23.42683,8482400,0.0,0.0
2001-10-05,24.004999,24.049999,22.754999,23.27,22.582537,6227200,0.0,0.0
2001-10-08,23.245001,24.665001,22.775,23.655001,22.956167,5902800,0.0,0.0
2001-10-09,24.360001,25.915001,23.775,25.504999,24.751509,15892000,0.0,0.0
2001-10-10,25.525,26.025,25.125,25.995001,25.227037,7397000,0.0,0.0
2001-10-11,26.23,28.01,26.205,27.985001,27.158251,8654200,0.0,0.0
2001-10-12,27.825001,28.209999,26.174999,28.094999,27.264992,6312000,0.0,0.0
2001-10-15,27.545,27.85,26.5,27.209999,26.406141,5967600,0.0,0.0
2001-10-16,27.625,27.67,26.75,27.139999,26.338209,6641200,0.0,0.0
2001-10-17,27.575001,27.575001,26.195,26.35,25.571547,6480600,0.0,0.0
2001-10-18,26.535,27.465,26.525,27.139999,26.338209,5865800,0.0,0.0
2001-10-19,27.055,27.120001,25.915001,26.695,25.906353,5260800,0.0,0.0
2001-10-22,26.73,27.790001,26.4,27.625,26.808882,5919600,0.0,0.0
2001-10-23,27.674999,28.620001,26.66,27.469999,26.658461,8890400,0.0,0.0
2001-10-24,27.445,28.275,27.26,27.424999,26.614788,4826800,0.0,0.0
2001-10-25,27.0,28.875,26.950001,28.775,27.924906,6571400,0.0,0.0
2001-10-26,28.15,28.65,27.02,27.285,26.478924,6663000,0.0,0.0
2001-10-29,27.200001,27.225,26.295,26.35,25.571547,3659400,0.0,0.0
2001-10-30,26.235001,26.24,25.0,25.605,24.848555,6004600,0.0,0.0
2001-10-31,25.799999,26.525,25.610001,25.73,24.969862,3634400,0.0,0.0
2001-11-01,26.084999,26.73,25.805,26.495001,25.712263,3906200,0.0,0.0
2001-11-02,26.5,27.450001,26.174999,27.450001,26.639053,4225200,0.0,0.0
2001-11-05,27.905001,28.450001,27.625,27.655001,26.83799,5777600,0.0,0.0
2001-11-06,27.6,27.965,27.125,27.655001,26.83799,5655400,0.0,0.0
2001-11-07,27.66,27.870001,26.635,26.75,25.959726,4576400,0.0,0.0
2001-11-08,26.985001,26.985001,25.559999,25.594999,24.838848,10069600,0.0,0.0
2001-11-09,25.700001,26.434999,25.635,25.85,25.086317,6958200,0.0,0.0
2001-11-12,25.975,26.620001,24.889999,26.51,25.726822,7036400,0.0,0.0
2001-11-13,26.940001,27.549999,26.870001,27.405001,26.595377,6127000,0.0,0.0
2001-11-14,27.530001,28.375,27.465,28.0,27.172798,9555200,0.0,0.0
2001-11-15,27.945,28.280001,27.405001,27.684999,26.867107,5075800,0.0,0.0
2001-11-16,27.57,27.695,27.055,27.059999,26.260569,4972200,0.0,0.0
2001-11-19,27.135,28.565001,26.504999,28.395,27.556133,8824200,0.0,0.0
2001-11-20,28.4,28.825001,27.695,27.775,26.954447,4694600,0.0,0.0
2001-11-21,27.719999,27.75,26.190001,27.0,26.202343,6300800,0.0,0.0
2001-11-23,26.889999,27.15,26.535,26.85,26.056774,1861200,0.0,0.0
2001-11-26,26.995001,27.254999,26.254999,27.165001,26.362467,4635000,0.0,0.0
2001-11-27,27.25,27.559999,26.68,27.32,26.512886,3989800,0.0,0.0
2001-11-28,27.059999,27.295,26.32,26.805,26.013109,4981200,0.0,0.0
2001-11-29,27.18,29.08,27.0,29.004999,28.148108,16200800,0.0,0.0
2001-11-30,28.945,30.4,28.945,30.23,29.33692,11342000,0.0,0.0
2001-12-03,29.924999,30.245001,29.709999,30.030001,29.142832,6690600,0.0,0.0
2001-12-04,30.08,32.25,30.025,32.220001,31.268129,10853600,0.0,0.0
2001-12-05,32.174999,33.459999,31.85,33.02,32.044498,12938600,0.0,0.0
2001-12-06,32.880001,32.91,31.450001,31.565001,30.632484,7489600,0.0,0.0
2001-12-07,31.74,32.115002,31.16,31.469999,30.540283,6691000,0.0,0.0
2001-12-10,31.344999,31.495001,30.975,31.24,30.317085,5605200,0.0,0.0
2001-12-11,31.695,32.974998,31.25,31.59,30.65674,9652200,0.0,0.0
2001-12-12,31.504999,32.310001,30.799999,31.41,30.482056,5627600,0.0,0.0
2001-12-13,30.905001,31.075001,30.355,30.555,29.652317,4869200,0.0,0.0
2001-12-14,30.58,30.99,29.684999,30.575001,29.67173,5884400,0.0,0.0
2001-12-17,30.43,32.174999,30.424999,31.395,30.467506,6615600,0.0,0.0
2001-12-18,31.495001,31.67,30.780001,31.17,30.249146,4032600,0.0,0.0
2001-12-19,30.855,31.254999,30.389999,31.049999,30.132694,3992800,0.0,0.0
2001-12-20,30.965,31.165001,30.09,30.105,29.215611,3862000,0.0,0.0
2001-12-21,30.15,30.975,29.799999,29.799999,28.919621,6652000,0.0,0.0
2001-12-24,30.105,30.25,29.555,29.775,28.895367,1672600,0.0,0.0
2001-12-26,29.85,30.264999,29.264999,29.525,28.652748,2472000,0.0,0.0
2001-12-27,29.635,29.870001,29.254999,29.575001,28.701265,4367600,0.0,0.0
2001-12-28,29.549999,31.1,29.535,30.865,29.953159,4802800,0.0,0.0
2001-12-31,30.945,30.945,29.895,29.975,29.089455,3140400,0.0,0.0
2002-01-02,30.245001,30.370001,29.805,30.059999,29.171942,5836200,0.0,0.0
2002-01-03,30.094999,30.809999,29.93,30.49,29.589237,3497400,0.0,0.0
2002-01-04,31.030001,31.85,30.705,31.48,30.549994,4256400,0.0,0.0
2002-01-07,30.615,31.065001,29.68,29.705,28.827427,8307400,0.0,0.0
2002-01-08,29.799999,30.225,29.200001,29.299999,28.434391,5136600,0.0,0.0
2002-01-09,29.51,30.285,29.0,29.07,28.211187,5470600,0.0,0.0
2002-01-10,28.895,29.280001,28.25,28.795,27.944317,5608800,0.0,0.0
2002-01-11,28.780001,28.780001,26.565001,27.25,26.444958,12153400,0.0,0.0
2002-01-14,27.219999,27.530001,26.135,26.145,25.372602,6971400,0.0,0.0
2002-01-15,26.485001,27.424999,26.4,27.275,26.469223,6471600,0.0,0.0
2002-01-16,27.219999,27.775,26.74,26.764999,25.974289,6840200,0.0,0.0
2002-01-17,27.25,27.735001,27.125,27.559999,26.745798,5649400,0.0,0.0
2002-01-18,27.424999,27.59,26.85,26.9,26.105303,4112200,0.0,0.0
2002-01-22,27.225,27.950001,26.985001,27.334999,26.527441,6512400,0.0,0.0
2002-01-23,27.389999,27.66,26.825001,27.5,26.687569,7159200,0.0,0.0
2002-01-24,28.15,29.33,28.105,28.955,28.099588,8602000,0.0,0.0
2002-01-25,28.795,28.795,27.75,27.965,27.138836,7201200,0.0,0.0
2002-01-28,28.049999,29.049999,27.950001,28.825001,27.973429,5826400,0.0,0.0
2002-01-29,28.955,29.35,28.065001,28.475,27.633768,5240200,0.0,0.0
2002-01-30,28.67,28.940001,27.719999,28.450001,27.609503,8306600,0.0,0.0
2002-01-31,29.275,29.35,26.5,26.535,25.75108,25200000,0.0,0.0
2002-02-01,26.475,27.23,26.305,26.355,25.576395,9175600,0.0,0.0
2002-02-04,26.344999,26.700001,25.25,25.59,24.834005,6957000,0.0,0.0
2002-02-05,25.605,26.5,25.450001,26.24,25.464798,8182400,0.0,0.0
2002-02-06,26.6,27.315001,26.01,26.695,25.906353,6629800,0.0,0.0
2002-02-07,26.705,27.125,26.299999,26.475,25.692854,4580000,0.0,0.0
2002-02-08,26.629999,27.084999,25.93,27.065001,26.265427,5286600,0.0,0.0
2002-02-11,27.049999,27.34,26.625,26.895,26.100443,2522400,0.0,0.0
2002-02-12,26.65,27.530001,26.415001,27.035,26.236309,3709000,0.0,0.0
2002-02-13,27.254999,27.77,26.700001,27.25,26.444958,5708200,0.0,0.0
2002-02-14,27.334999,28.450001,27.110001,28.360001,27.522163,6104000,0.0,0.0
2002-02-15,28.200001,28.235001,27.15,27.33,26.522591,3302200,0.0,0.0
2002-02-19,27.15,27.450001,25.885,26.014999,25.246441,5382600,0.0,0.0
2002-02-20,26.08,27.34,26.08,27.305,26.498335,5860400,0.0,0.0
2002-02-21,27.18,27.5,26.5,26.635,25.848127,4064800,0.0,0.0
2002-02-22,26.1,26.870001,26.1,26.344999,25.566698,7351800,0.0,0.0
2002-02-25,26.379999,27.305,26.375,26.99,26.192635,3551200,0.0,0.0
2002-02-26,27.475,27.5,25.5,26.0,25.231886,11309200,0.0,0.0
2002-02-27,26.455,26.844999,26.0,26.504999,25.721968,9433800,0.0,0.0
2002-02-28,26.575001,27.235001,26.209999,26.91,26.114998,6386800,0.0,0.0
2002-03-01,26.959999,28.23,26.924999,28.030001,27.201921,4659600,0.0,0.0
2002-03-04,28.0,29.375,27.700001,28.885,28.03166,5678000,0.0,0.0
2002-03-05,28.74,29.725,28.639999,29.040001,28.182076,3778400,0.0,0.0
2002-03-06,28.940001,29.475,28.344999,29.385,28.516882,3745000,0.0,0.0
2002-03-07,29.629999,29.945,28.629999,29.135,28.274271,4555600,0.0,0.0
2002-03-08,29.809999,29.975,29.225,29.775,28.895367,5410000,0.0,0.0
2002-03-11,29.52,31.299999,29.5,30.844999,29.93375,8218200,0.0,0.0
2002-03-12,30.0,30.725,29.639999,29.969999,29.084597,4655800,0.0,0.0
2002-03-13,29.700001,30.459999,29.5,30.26,29.366032,4380200,0.0,0.0
2002-03-14,30.254999,30.459999,29.674999,29.775,28.895367,3248600,0.0,0.0
2002-03-15,29.715,30.200001,29.375,29.995001,29.108862,3639800,0.0,0.0
2002-03-18,30.245001,30.924999,30.110001,30.629999,29.725103,4425600,0.0,0.0
2002-03-19,30.785,30.959999,30.200001,30.530001,29.628059,2658400,0.0,0.0
2002-03-20,30.35,30.6,29.26,29.290001,28.424692,3746800,0.0,0.0
2002-03-21,29.405001,30.77,29.35,30.385,29.487339,4838000,0.0,0.0
2002-03-22,30.395,30.705,29.555,29.754999,28.875952,3254800,0.0,0.0
2002-03-25,29.780001,29.975,29.23,29.375,28.507179,2210800,0.0,0.0
2002-03-26,29.125,29.795,28.799999,29.610001,28.735241,3247800,0.0,0.0
2002-03-27,29.475,29.6,28.67,29.440001,28.570259,8192800,0.0,0.0
2002-03-28,29.75,30.91,29.6,30.4,29.501898,5667000,0.0,0.0
2002-04-01,30.174999,30.92,29.58,30.76,29.851265,3552000,0.0,0.0
2002-04-02,30.450001,30.525,29.115,29.514999,28.643044,4276400,0.0,0.0
2002-04-03,29.705,29.885,28.625,29.014999,28.157812,4085800,0.0,0.0
2002-04-04,28.885,29.25,28.264999,28.91,28.055914,3835000,0.0,0.0
2002-04-05,29.055,29.405001,28.84,29.049999,28.191778,3145600,0.0,0.0
2002-04-08,28.77,30.504999,28.639999,30.205,29.312658,5691200,0.0,0.0
2002-04-09,30.205,30.674999,29.445,29.445,28.575113,6081600,0.0,0.0
2002-04-10,29.629999,30.32,29.16,30.075001,29.186502,6551200,0.0,0.0
2002-04-11,29.92,30.24,28.955,29.07,28.211187,5617400,0.0,0.0
2002-04-12,29.174999,30.125,28.775,29.950001,29.065195,4314800,0.0,0.0
2002-04-15,29.975,30.105,29.575001,29.860001,28.97785,3369600,0.0,0.0
2002-04-16,30.055,30.85,29.975,30.5,29.598946,5772800,0.0,0.0
2002-04-17,30.549999,30.58,29.559999,30.305,29.409706,5658400,0.0,0.0
2002-04-18,30.58,31.995001,30.58,31.35,30.423832,8368600,0.0,0.0
2002-04-19,31.355,31.950001,30.82,31.125,30.205477,6658000,0.0,0.0
2002-04-22,31.1,31.235001,29.855,30.129999,29.239878,3379600,0.0,0.0
2002-04-23,30.135,30.195,29.48,29.709999,28.832287,6128200,0.0,0.0
2002-04-24,29.950001,30.725,29.465,29.725,28.84684,5969000,0.0,0.0
2002-04-25,29.9,30.09,29.195,29.535,28.662458,4675200,0.0,0.0
2002-04-26,29.969999,30.025,28.459999,28.775,27.924906,5451600,0.0,0.0
2002-04-29,28.809999,29.559999,28.25,28.834999,27.98313,5895000,0.0,0.0
2002-04-30,28.860001,29.985001,28.85,29.525,28.652748,4561200,0.0,0.0
2002-05-01,29.51,29.924999,28.834999,29.705,28.827427,2990600,0.0,0.0
2002-05-02,29.799999,30.1,29.045,29.200001,28.337345,4518800,0.0,0.0
2002-05-03,29.24,29.245001,28.285,28.700001,27.852121,4176600,0.0,0.0
2002-05-06,28.735001,29.049999,28.025,28.299999,27.463938,3277600,0.0,0.0
2002-05-07,28.395,28.625,26.745001,26.99,26.192635,9118000,0.0,0.0
2002-05-08,28.014999,30.305,28.0,30.065001,29.176798,11947800,0.0,0.0
2002-05-09,29.74,30.49,29.254999,29.475,28.604227,7569600,0.0,0.0
2002-05-10,31.110001,31.120001,29.299999,29.549999,28.67701,18143000,0.0,0.0
2002-05-13,29.65,30.84,29.4,30.565001,29.662024,10381200,0.0,0.0
2002-05-14,31.25,32.044998,29.610001,30.17,29.278692,20231600,0.0,0.0
2002-05-15,30.065001,31.200001,29.875,30.705,29.797886,8284200,0.0,0.0
2002-05-16,30.844999,32.005001,30.700001,31.73,30.792599,7499200,0.0,0.0
2002-05-17,31.825001,31.955,31.205,31.855,30.913914,4746000,0.0,0.0
2002-05-20,31.68,32.125,31.27,31.955,31.010956,5599800,0.0,0.0
2002-05-21,31.965,31.975,30.795,30.805,29.894936,8447000,0.0,0.0
2002-05-22,30.98,31.615,30.555,31.605,30.671303,6169000,0.0,0.0
2002-05-23,31.709999,32.494999,31.440001,32.48,31.520449,10136800,0.0,0.0
2002-05-24,32.150002,32.355,31.799999,31.905001,30.962437,5358800,0.0,0.0
2002-05-28,32.119999,32.119999,31.075001,31.459999,30.530584,5182400,0.0,0.0
2002-05-29,31.27,31.795,31.075001,31.23,30.307377,5546000,0.0,0.0
2002-05-30,31.094999,32.349998,31.094999,32.150002,31.200205,5862800,0.0,0.0
2002-05-31,32.049999,32.470001,31.75,32.0,31.054634,5142200,0.0,0.0
2002-06-03,31.950001,32.115002,31.41,31.465,30.535439,5883600,0.0,0.0
2002-06-04,31.58,32.525002,31.525,32.139999,31.190496,7354600,0.0,0.0
2002-06-05,32.0,32.244999,31.275,32.049999,31.103151,5559400,0.0,0.0
2002-06-06,31.934999,32.025002,31.305,31.475,30.545137,4435200,0.0,0.0
2002-06-07,31.049999,31.934999,30.5,31.625,30.690708,6208600,0.0,0.0
2002-06-10,31.6,32.235001,31.5,31.805,30.865395,4735200,0.0,0.0
2002-06-11,32.0,32.25,31.299999,31.34,30.414129,4471800,0.0,0.0
2002-06-12,31.530001,31.674999,30.51,31.645,30.710123,4956400,0.0,0.0
2002-06-13,31.549999,31.82,30.825001,31.040001,30.122993,3585800,0.0,0.0
2002-06-14,30.635,31.245001,29.584999,31.155001,30.234592,6986200,0.0,0.0
2002-06-17,31.254999,32.610001,31.18,32.605,31.641766,6839200,0.0,0.0
2002-06-18,32.404999,33.275002,32.400002,32.810001,31.8407,4665000,0.0,0.0
2002-06-19,32.695,32.825001,32.334999,32.43,31.47193,4270000,0.0,0.0
2002-06-20,32.450001,32.744999,31.459999,31.68,30.744083,5411600,0.0,0.0
2002-06-21,32.115002,32.205002,31.0,31.0,30.084175,4879600,0.0,0.0
2002-06-24,31.205,31.465,30.565001,30.82,29.909491,10824200,0.0,0.0
2002-06-25,31.0,31.745001,30.855,31.174999,30.254005,5854600,0.0,0.0
2002-06-26,30.375,31.91,30.325001,31.875,30.933321,6581200,0.0,0.0
2002-06-27,32.330002,33.450001,32.125,33.439999,32.452087,12065000,0.0,0.0
2002-06-28,32.77,33.485001,32.580002,33.025002,32.049355,7073600,0.0,0.0
2002-07-01,33.040001,33.044998,32.049999,32.18,31.229317,4639800,0.0,0.0
2002-07-02,32.195,32.98,31.665001,32.709999,31.743654,8709600,0.0,0.0
2002-07-03,32.395,32.509998,30.540001,31.674999,30.739225,9891400,0.0,0.0
2002-07-05,31.700001,32.834999,31.695,32.834999,31.864969,3376000,0.0,0.0
2002-07-08,32.654999,32.950001,31.375,31.635,30.700413,5681400,0.0,0.0
2002-07-09,31.75,31.965,30.389999,30.389999,29.492191,6070400,0.0,0.0
2002-07-10,31.645,31.795,30.389999,31.594999,30.661596,17370400,0.0,0.0
2002-07-11,30.424999,31.575001,30.370001,31.395,30.467506,10172400,0.0,0.0
2002-07-12,31.33,32.474998,31.004999,31.9,30.957584,8526600,0.0,0.0
2002-07-15,31.855,31.955,30.389999,31.73,30.792599,8261000,0.0,0.0
2002-07-16,31.530001,32.275002,31.375,31.77,30.831427,9439200,0.0,0.0
2002-07-17,32.505001,32.779999,30.98,31.5,30.569401,8660800,0.0,0.0
2002-07-18,31.35,31.700001,30.545,30.790001,29.880379,7227400,0.0,0.0
2002-07-19,30.455,30.5,27.995001,28.295,27.459087,48152800,0.0,0.0
2002-07-22,28.295,28.969999,26.469999,26.719999,25.930616,22179400,0.0,0.0
2002-07-23,26.834999,27.870001,26.225,27.0,26.202343,14606600,0.0,0.0
2002-07-24,26.674999,28.645,26.51,28.59,27.745373,12529200,0.0,0.0
2002-07-25,28.280001,28.700001,27.25,27.860001,27.03694,10752600,0.0,0.0
2002-07-26,28.555,29.35,28.51,29.18,28.317942,14709200,0.0,0.0
2002-07-29,29.725,30.889999,29.5,30.719999,29.812445,10183600,0.0,0.0
2002-07-30,30.51,31.200001,30.254999,30.780001,29.870676,6773600,0.0,0.0
2002-07-31,30.325001,30.48,29.575001,30.09,29.201057,8164000,0.0,0.0
2002-08-01,29.975,30.075001,29.174999,29.41,28.541142,7150600,0.0,0.0
2002-08-02,29.465,29.684999,28.145,28.514999,27.672583,7390400,0.0,0.0
2002-08-05,28.5,28.700001,27.42,27.610001,26.794325,7471600,0.0,0.0
2002-08-06,28.125,29.809999,27.995001,29.32,28.453806,10070000,0.0,0.0
2002-08-07,29.754999,30.1,28.940001,29.955,29.070044,9601600,0.0,0.0
2002-08-08,29.07,29.879999,28.775,29.799999,28.919621,12666000,0.0,0.0
2002-08-09,29.795,30.555,28.950001,30.16,29.268984,10733600,0.0,0.0
2002-08-12,30.135,30.969999,29.76,30.73,29.822145,7875600,0.0,0.0
2002-08-13,30.665001,30.975,29.6,29.639999,28.764353,7396600,0.0,0.0
2002-08-14,29.455,30.0,28.75,29.74,28.861397,13636200,0.0,0.0
2002-08-15,29.715,31.025,29.549999,31.0,30.084175,9872800,0.0,0.0
2002-08-16,30.799999,31.75,30.200001,31.344999,30.418983,8930200,0.0,0.0
2002-08-19,31.280001,32.935001,31.040001,32.869999,31.89893,8427000,0.0,0.0
2002-08-20,32.689999,32.825001,32.134998,32.349998,31.394291,8020200,0.0,0.0
2002-08-21,32.349998,32.880001,31.805,32.845001,31.874662,8587200,0.0,0.0
2002-08-22,32.549999,33.875,32.404999,33.759998,32.762638,10357600,0.0,0.0
2002-08-23,33.375,33.595001,32.715,33.314999,32.330784,6691600,0.0,0.0
2002-08-26,33.285,33.294998,32.334999,32.93,31.957159,6982000,0.0,0.0
2002-08-27,33.115002,33.119999,31.905001,32.119999,31.171085,7256800,0.0,0.0
2002-08-28,31.975,32.044998,30.889999,31.035,30.118139,7036600,0.0,0.0
2002-08-29,30.945,31.825001,30.405001,31.639999,30.705267,7658800,0.0,0.0
2002-08-30,31.424999,31.934999,31.25,31.629999,30.69556,5063400,0.0,0.0
2002-09-03,31.195,31.35,30.504999,30.65,29.744505,6089800,0.0,0.0
2002-09-04,30.82,31.030001,29.33,30.059999,29.171942,14350200,0.0,0.0
2002-09-05,29.860001,30.23,29.405001,29.969999,29.084597,10523200,0.0,0.0
2002-09-06,30.370001,31.65,30.334999,31.385,30.457802,7865800,0.0,0.0
2002-09-09,31.209999,32.084999,30.955,31.790001,30.85083,4610400,0.0,0.0
2002-09-10,31.790001,32.5,31.75,32.34,31.384586,5926600,0.0,0.0
2002-09-11,32.380001,32.84,31.375,31.575001,30.642187,5821200,0.0,0.0
2002-09-12,31.445,31.59,31.030001,31.094999,30.176367,5070400,0.0,0.0
2002-09-13,30.940001,31.905001,30.875,31.415001,30.486914,6112600,0.0,0.0
2002-09-16,31.15,31.885,31.120001,31.725,30.787754,4133400,0.0,0.0
2002-09-17,32.055,32.325001,31.549999,31.674999,30.739225,5406800,0.0,0.0
2002-09-18,31.5,31.924999,31.17,31.629999,30.69556,5965400,0.0,0.0
2002-09-19,31.174999,31.764999,31.07,31.424999,30.49662,6359200,0.0,0.0
2002-09-20,31.455,32.095001,31.375,31.915001,30.972137,7078800,0.0,0.0
2002-09-23,31.825001,32.049999,31.275,31.665001,30.729528,6369000,0.0,0.0
2002-09-24,31.299999,32.41,31.01,32.134998,31.18564,8293800,0.0,0.0
2002-09-25,32.224998,33.285,32.125,32.860001,31.889221,9575600,0.0,0.0
2002-09-26,33.255001,33.75,33.224998,33.544998,32.553982,10973800,0.0,0.0
2002-09-27,33.220001,34.5,33.125,33.865002,32.864525,12779000,0.0,0.0
2002-09-30,33.759998,33.759998,32.924999,32.98,32.005676,11723600,0.0,0.0
2002-10-01,32.619999,33.355,32.049999,33.294998,32.311363,14593400,0.0,0.0
2002-10-02,33.18,33.75,32.900002,33.235001,32.253139,9430800,0.0,0.0
2002-10-03,33.290001,33.75,32.794998,33.0,32.025085,9069600,0.0,0.0
2002-10-04,33.080002,33.264999,31.200001,31.48,30.549994,17149800,0.0,0.0
2002-10-07,31.27,31.584999,30.41,31.315001,30.389868,15651600,0.0,0.0
2002-10-08,31.35,32.669998,31.35,32.330002,31.37488,14085400,0.0,0.0
2002-10-09,32.09,33.044998,31.875,32.389999,31.433117,12046200,0.0,0.0
2002-10-10,32.57,33.560001,32.240002,33.259998,32.277412,10374600,0.0,0.0
2002-10-11,33.584999,34.115002,33.305,33.799999,32.801445,9285400,0.0,0.0
2002-10-14,33.25,33.970001,33.099998,33.895,32.89365,6970000,0.0,0.0
2002-10-15,34.669998,34.990002,33.580002,34.025002,33.019806,12102000,0.0,0.0
2002-10-16,33.740002,34.310001,33.5,34.080002,33.073177,5993200,0.0,0.0
2002-10-17,34.555,34.900002,34.375,34.66,33.636051,6662000,0.0,0.0
2002-10-18,34.470001,35.195,34.025002,35.07,34.033932,9109600,0.0,0.0
2002-10-21,35.049999,36.220001,34.77,36.07,35.004395,11556200,0.0,0.0
2002-10-22,33.654999,34.220001,32.889999,33.299999,32.316227,36906000,0.0,0.0
2002-10-23,33.294998,34.150002,33.150002,33.974998,32.971275,15075600,0.0,0.0
2002-10-24,33.994999,34.48,32.775002,32.924999,31.952311,20618200,0.0,0.0
2002-10-25,33.424999,33.860001,32.125,33.805,32.806305,26775200,0.0,0.0
2002-10-28,33.889999,33.98,31.200001,31.530001,30.598518,20923800,0.0,0.0
2002-10-29,31.65,31.860001,30.65,31.725,30.787754,17213800,0.0,0.0
2002-10-30,32.055,33.080002,31.424999,32.735001,31.767906,14269400,0.0,0.0
2002-10-31,32.75,33.369999,32.154999,32.560001,31.598091,10803400,0.0,0.0
2002-11-01,32.490002,33.27,31.875,33.040001,32.063908,8341800,0.0,0.0
2002-11-04,33.099998,34.0,32.775002,32.884998,31.913486,9608000,0.0,0.0
2002-11-05,32.634998,33.275002,32.259998,32.605,31.641766,7753800,0.0,0.0
2002-11-06,32.855,33.404999,32.529999,33.369999,32.384148,7643400,0.0,0.0
2002-11-07,33.115002,33.115002,32.084999,32.264999,31.311796,8225000,0.0,0.0
2002-11-08,32.09,32.560001,31.68,32.064999,31.117702,7368800,0.0,0.0
2002-11-11,32.145,32.150002,31.43,31.764999,30.826567,6278600,0.0,0.0
2002-11-12,31.865,33.285,31.865,32.919998,31.947451,10845600,0.0,0.0
2002-11-13,32.650002,33.419998,32.299999,32.615002,31.651461,11086800,0.0,0.0
2002-11-14,32.945,33.665001,32.900002,33.610001,32.617073,8206400,0.0,0.0
2002-11-15,33.755001,33.904999,32.584999,33.395,32.408424,9262800,0.0,0.0
2002-11-18,33.424999,33.5,32.23,32.52,31.559269,10306000,0.0,0.0
2002-11-19,32.290001,32.465,31.700001,31.860001,30.91877,7951400,0.0,0.0
2002-11-20,31.875,33.02,31.875,32.775002,31.806738,6566000,0.0,0.0
2002-11-21,33.200001,33.825001,33.130001,33.75,32.752934,8845400,0.0,0.0
2002-11-22,33.445,33.860001,33.09,33.59,32.597664,5820600,0.0,0.0
2002-11-25,33.535,34.215,33.375,34.150002,33.141121,7705400,0.0,0.0
2002-11-26,33.974998,34.334999,33.619999,33.875,32.874233,6420800,0.0,0.0
2002-11-27,33.990002,34.52,33.919998,34.080002,33.073177,5868600,0.0,0.0
2002-11-29,34.205002,34.555,33.880001,33.93,32.927616,2360000,0.0,0.0
2002-12-02,34.345001,34.73,33.689999,33.790001,32.791752,7550600,0.0,0.0
2002-12-03,33.575001,33.790001,33.16,33.334999,32.350193,4607800,0.0,0.0
2002-12-04,33.200001,33.294998,32.424999,32.77,31.801878,8795600,0.0,0.0
2002-12-05,32.860001,33.349998,32.669998,32.794998,31.826143,5268200,0.0,0.0
2002-12-06,32.490002,33.380001,32.445,33.009998,32.03479,5267000,0.0,0.0
2002-12-09,32.345001,32.689999,31.92,31.975,31.030365,6582200,0.0,0.0
2002-12-10,32.005001,32.325001,31.285,31.495001,30.56455,9670600,0.0,0.0
2002-12-11,31.325001,31.325001,29.799999,30.34,29.44367,28466200,0.0,0.0
2002-12-12,30.555,31.15,30.25,30.674999,29.768774,9934800,0.0,0.0
2002-12-13,29.23,29.424999,27.594999,28.35,27.512461,30218800,0.0,0.0
2002-12-16,28.35,29.33,28.105,29.01,28.152964,11516000,0.0,0.0
2002-12-17,29.325001,30.225,29.025,29.84,28.958435,16324400,0.0,0.0
2002-12-18,28.42,29.0,28.174999,28.275,27.439674,17936200,0.0,0.0
2002-12-19,27.700001,27.799999,25.5,25.82,25.057201,35959400,0.0,0.0
2002-12-20,26.049999,26.565001,25.76,26.26,25.484207,18343400,0.0,0.0
2002-12-23,25.299999,26.25,25.08,26.1,25.328934,13190400,0.0,0.0
2002-12-24,25.965,26.665001,25.915001,26.415001,25.634628,4556400,0.0,0.0
2002-12-26,26.57,26.690001,25.645,25.844999,25.081465,5596800,0.0,0.0
2002-12-27,25.77,26.375,25.655001,25.75,24.989271,5055200,0.0,0.0
2002-12-30,25.865,26.190001,25.4,25.49,24.736952,6917600,0.0,0.0
2002-12-31,25.545,25.735001,24.735001,24.885,24.149828,7911000,0.0,0.0
2003-01-02,24.99,26.174999,24.950001,26.110001,25.338636,10389800,0.0,0.0
2003-01-03,26.07,27.440001,26.049999,27.275,26.469223,14677400,0.0,0.0
2003-01-06,27.200001,27.275,25.985001,25.995001,25.227037,11502600,0.0,0.0
2003-01-07,25.98,26.445,24.17,24.465,23.742228,22274600,0.0,0.0
2003-01-08,25.15,25.745001,24.344999,24.715,23.98485,23709800,0.0,0.0
2003-01-09,25.165001,25.65,25.125,25.385,24.635052,12086400,0.0,0.0
2003-01-10,25.34,27.0,25.1,25.940001,25.173658,14933400,0.0,0.0
2003-01-13,26.115,26.115,24.924999,24.975,24.237169,10021200,0.0,0.0
2003-01-14,25.084999,25.299999,24.790001,25.040001,24.300247,7248400,0.0,0.0
2003-01-15,25.075001,25.440001,24.825001,25.280001,24.533159,10046400,0.0,0.0
2003-01-16,25.370001,25.82,24.75,24.865,24.130417,10250000,0.0,0.0
2003-01-17,24.35,24.549999,23.754999,23.975,23.26671,11316600,0.0,0.0
2003-01-21,24.305,25.105,24.25,24.809999,24.077045,15871400,0.0,0.0
2003-01-22,24.844999,25.25,24.475,24.764999,24.033375,10275200,0.0,0.0
2003-01-23,24.815001,25.450001,24.25,25.27,24.523457,9697600,0.0,0.0
2003-01-24,25.25,25.584999,24.65,24.924999,24.188643,7967600,0.0,0.0
2003-01-27,24.695,25.08,24.405001,24.719999,23.989704,5492800,0.0,0.0
2003-01-28,24.965,25.65,24.799999,25.385,24.635052,7617200,0.0,0.0
2003-01-29,25.365,25.719999,25.075001,25.485001,24.732098,12763000,0.0,0.0
2003-01-30,25.549999,26.584999,24.950001,25.950001,25.183363,20526200,0.0,0.0
2003-01-31,25.629999,26.1,25.17,25.885,25.120283,9032000,0.0,0.0
2003-02-03,25.934999,26.275,25.565001,26.049999,25.280403,7832600,0.0,0.0
2003-02-04,25.865,26.02,25.465,25.785,25.023237,5630400,0.0,0.0
2003-02-05,25.844999,25.924999,24.9,24.91,24.174089,9376200,0.0,0.0
2003-02-06,24.875,25.285,24.66,25.190001,24.445816,7200800,0.0,0.0
2003-02-07,25.395,25.575001,24.85,25.139999,24.397291,4707200,0.0,0.0
2003-02-10,25.174999,25.32,24.625,25.0,24.261427,5212200,0.0,0.0
2003-02-11,25.075001,25.16,24.785,24.985001,24.24688,6121200,0.0,0.0
2003-02-12,25.030001,25.125,24.5,24.59,23.863544,5442200,0.0,0.0
2003-02-13,24.834999,24.875,23.950001,24.125,23.412283,6949600,0.0,0.0
2003-02-14,24.195,25.0,24.055,24.99,24.251722,6037400,0.0,0.0
2003-02-18,24.965,26.235001,24.950001,26.15,25.377449,6745400,0.0,0.0
2003-02-19,26.129999,26.195,25.549999,25.945,25.178514,5065800,0.0,0.0
2003-02-20,25.75,25.969999,25.584999,25.844999,25.081465,5279600,0.0,0.0
2003-02-21,26.014999,26.834999,25.91,26.785,25.993692,9265200,0.0,0.0
2003-02-24,26.674999,26.690001,26.030001,26.094999,25.324078,5536600,0.0,0.0
2003-02-25,25.915001,26.42,25.475,26.389999,25.610367,5056800,0.0,0.0
2003-02-26,26.325001,26.334999,25.809999,25.870001,25.10573,4510800,0.0,0.0
2003-02-27,26.305,26.725,25.955,26.405001,25.624918,6791600,0.0,0.0
2003-02-28,26.415001,26.59,26.16,26.4,25.620071,4536400,0.0,0.0
2003-03-03,26.5,26.549999,25.93,26.049999,25.280403,3456000,0.0,0.0
2003-03-04,26.08,26.305,25.754999,26.209999,25.435677,5055200,0.0,0.0
2003-03-05,26.055,26.465,25.93,26.395,25.615217,4540200,0.0,0.0
2003-03-06,26.344999,27.15,26.25,26.969999,26.173229,7575200,0.0,0.0
2003-03-07,26.715,27.315001,26.645,27.075001,26.275127,6656600,0.0,0.0
2003-03-10,26.940001,27.225,26.575001,26.715,25.925768,3385800,0.0,0.0
2003-03-11,26.75,26.860001,26.469999,26.540001,25.755934,3128000,0.0,0.0
2003-03-12,26.52,26.985001,26.35,26.875,26.081038,4475000,0.0,0.0
2003-03-13,27.18,28.475,27.0,28.370001,27.53187,8603200,0.0,0.0
2003-03-14,28.43,29.040001,28.025,28.24,27.405706,8109600,0.0,0.0
2003-03-17,28.209999,29.700001,28.075001,29.264999,28.400431,11186400,0.0,0.0
2003-03-18,29.200001,29.495001,28.91,29.215,28.35191,6398200,0.0,0.0
2003-03-19,29.139999,29.344999,28.725,29.25,28.385868,5723200,0.0,0.0
2003-03-20,29.16,29.860001,28.82,29.475,28.604227,6632800,0.0,0.0
2003-03-21,29.950001,29.995001,29.4,29.610001,28.735241,8045600,0.0,0.0
2003-03-24,29.280001,29.375,28.555,28.745001,27.895792,6416400,0.0,0.0
2003-03-25,28.715,29.725,28.504999,29.334999,28.468359,6323000,0.0,0.0
2003-03-26,29.27,30.0,29.125,29.780001,28.900217,6583800,0.0,0.0
2003-03-27,29.525,30.225,29.18,29.889999,29.006968,8200800,0.0,0.0
2003-03-28,29.6,30.035,29.559999,29.875,28.992405,5980800,0.0,0.0
2003-03-31,29.299999,29.5,28.719999,29.32,28.453806,8067000,0.0,0.0
2003-04-01,29.18,29.495001,28.889999,29.455,28.584816,5517600,0.0,0.0
2003-04-02,29.775,30.540001,29.725,30.225,29.332067,9060200,0.0,0.0
2003-04-03,30.025,30.075001,29.475,29.84,28.958435,7395000,0.0,0.0
2003-04-04,29.9,29.950001,29.014999,29.445,28.575113,6016800,0.0,0.0
2003-04-07,30.125,30.450001,29.469999,29.674999,28.798313,5561600,0.0,0.0
2003-04-08,29.555,29.610001,28.85,28.985001,28.128702,7487400,0.0,0.0
2003-04-09,29.01,29.35,28.094999,28.575001,27.730806,9414800,0.0,0.0
2003-04-10,28.695,28.83,28.35,28.780001,27.929764,3523000,0.0,0.0
2003-04-11,28.875,29.365,28.684999,29.065001,28.206343,4917400,0.0,0.0
2003-04-14,29.08,29.540001,28.879999,29.41,28.541142,4452400,0.0,0.0
2003-04-15,29.415001,29.799999,29.045,29.555,28.681866,3874400,0.0,0.0
2003-04-16,29.5,29.950001,29.315001,29.469999,28.599375,3820600,0.0,0.0
2003-04-17,29.445,30.245001,29.120001,29.995001,29.108862,4754800,0.0,0.0
2003-04-21,30.09,30.42,29.584999,30.254999,29.361181,3926200,0.0,0.0
2003-04-22,30.200001,30.934999,30.065001,30.809999,29.899788,7132200,0.0,0.0
2003-04-23,30.76,30.77,30.16,30.495001,29.594097,5382800,0.0,0.0
2003-04-24,30.174999,30.43,29.799999,29.995001,29.108862,5777800,0.0,0.0
2003-04-25,29.75,29.91,29.4,29.735001,28.856548,3905000,0.0,0.0
2003-04-28,29.775,30.525,29.775,30.440001,29.54072,5187000,0.0,0.0
2003-04-29,30.075001,30.440001,29.4,29.764999,28.885653,7500800,0.0,0.0
2003-04-30,29.625,29.84,29.35,29.57,28.696419,4546400,0.0,0.0
2003-05-01,29.559999,29.690001,29.17,29.48,28.609076,4936800,0.0,0.0
2003-05-02,29.455,31.094999,29.4,30.889999,29.977421,7264200,0.0,0.0
2003-05-05,30.99,31.635,30.825001,31.07,30.152105,7409200,0.0,0.0
2003-05-06,31.245001,31.695,30.620001,30.870001,29.958017,10446800,0.0,0.0
2003-05-07,31.605,31.995001,30.895,31.299999,30.375311,25036600,0.0,0.0
2003-05-08,30.870001,31.629999,30.76,30.895,29.982279,8373200,0.0,0.0
2003-05-09,30.959999,31.0,30.469999,30.775,29.865822,6704800,0.0,0.0
2003-05-12,30.790001,31.040001,29.965,30.799999,29.890081,8679200,0.0,0.0
2003-05-13,30.535,30.674999,30.035,30.115,29.225317,8263800,0.0,0.0
2003-05-14,30.290001,30.99,29.889999,30.9,29.987122,10627800,0.0,0.0
2003-05-15,31.025,31.66,31.0,31.344999,30.418983,7936000,0.0,0.0
2003-05-16,31.344999,31.549999,31.055,31.08,30.161808,4093600,0.0,0.0
2003-05-19,30.995001,31.025,30.16,30.195,29.302952,4207600,0.0,0.0
2003-05-20,30.415001,30.6,30.125,30.32,29.424265,5461800,0.0,0.0
2003-05-21,30.475,31.254999,30.43,31.155001,30.234592,7504600,0.0,0.0
2003-05-22,31.049999,32.0,31.004999,31.735001,30.797462,5610400,0.0,0.0
2003-05-23,31.605,31.77,31.405001,31.59,30.65674,3113200,0.0,0.0
2003-05-27,31.42,33.07,31.275,32.799999,31.830997,10023400,0.0,0.0
2003-05-28,32.77,34.064999,32.650002,33.955002,32.951878,9965000,0.0,0.0
2003-05-29,33.68,34.400002,33.505001,34.055,33.04892,9485200,0.0,0.0
2003-05-30,33.98,34.285,33.814999,34.275002,33.262421,5897200,0.0,0.0
2003-06-02,34.400002,34.494999,33.490002,33.630001,32.636475,7168000,0.0,0.0
2003-06-03,33.665001,34.275002,33.205002,33.619999,32.626774,7610600,0.0,0.0
2003-06-04,33.619999,34.5,33.395,34.075001,33.068333,6200200,0.0,0.0
2003-06-05,34.014999,34.990002,33.75,34.805,33.776764,6692600,0.0,0.0
2003-06-06,35.029999,36.990002,35.009998,36.174999,35.106293,14424600,0.0,0.0
2003-06-09,36.029999,36.299999,35.25,35.404999,34.359039,7193800,0.0,0.0
2003-06-10,35.349998,36.25,35.049999,35.740002,34.684135,5382400,0.0,0.0
2003-06-11,35.705002,36.494999,35.25,36.400002,35.324638,6775000,0.0,0.0
2003-06-12,36.450001,36.990002,36.005001,36.875,35.785603,5051600,0.0,0.0
2003-06-13,36.755001,37.32,36.139999,36.264999,35.193623,7550200,0.0,0.0
2003-06-16,36.325001,38.25,36.314999,38.25,37.119984,9890000,0.0,0.0
2003-06-17,38.380001,39.700001,38.34,38.564999,37.425682,11798400,0.0,0.0
2003-06-18,37.825001,38.389999,37.005001,37.380001,36.275692,12125800,0.0,0.0
2003-06-19,37.294998,37.924999,36.865002,37.095001,35.999107,6720000,0.0,0.0
2003-06-20,37.25,37.5,36.77,37.375,36.27084,8543200,0.0,0.0
2003-06-23,37.474998,37.5,36.325001,36.91,35.819565,6442000,0.0,0.0
2003-06-24,37.025002,37.215,36.439999,36.605,35.523594,6219600,0.0,0.0
2003-06-25,36.645,37.720001,36.525002,37.360001,36.256287,9431000,0.0,0.0
2003-06-26,37.540001,37.685001,37.060001,37.634998,36.523159,4698600,0.0,0.0
2003-06-27,37.674999,38.529999,37.625,38.009998,36.887081,5225600,0.0,0.0
2003-06-30,37.715,38.130001,36.869999,36.950001,35.858398,4460200,0.0,0.0
2003-07-01,36.77,38.055,36.549999,37.75,36.634754,5529400,0.0,0.0
2003-07-02,37.744999,38.544998,37.66,38.43,37.294674,5426000,0.0,0.0
2003-07-03,38.195,38.41,37.865002,37.875,36.756062,2943200,0.0,0.0
2003-07-07,38.32,40.535,38.25,40.494999,39.298649,9959200,0.0,0.0
2003-07-08,40.330002,40.68,39.724998,40.560001,39.36174,7925400,0.0,0.0
2003-07-09,40.384998,40.625,39.665001,39.849998,38.672718,5322800,0.0,0.0
2003-07-10,39.700001,40.139999,39.360001,39.5,38.333065,5335200,0.0,0.0
2003-07-11,39.330002,39.349998,38.009998,38.349998,37.217026,10724000,0.0,0.0
2003-07-14,39.299999,39.93,38.400002,38.974998,37.82357,10161800,0.0,0.0
2003-07-15,39.154999,39.865002,39.005001,39.605,38.434948,8719600,0.0,0.0
2003-07-16,39.424999,39.43,38.950001,39.310001,38.148659,3675400,0.0,0.0
2003-07-17,38.549999,39.189999,38.125,38.27,37.1394,5024600,0.0,0.0
2003-07-18,38.200001,38.764999,37.615002,38.209999,37.081165,7147000,0.0,0.0
2003-07-21,37.119999,38.485001,37.049999,38.419998,37.284954,10655400,0.0,0.0
2003-07-22,38.514999,38.57,37.5,37.830002,36.712399,6954400,0.0,0.0
2003-07-23,37.950001,38.990002,37.384998,38.830002,37.682858,6925600,0.0,0.0
2003-07-24,39.299999,42.375,38.799999,40.755001,39.550987,14966400,0.0,0.0
2003-07-25,40.799999,41.525002,40.150002,41.314999,40.094437,5437800,0.0,0.0
2003-07-28,41.360001,42.235001,41.235001,42.029999,40.788319,4722600,0.0,0.0
2003-07-29,41.965,42.455002,41.240002,41.505001,40.278824,5627400,0.0,0.0
2003-07-30,41.639999,42.080002,41.134998,41.849998,40.613636,4671800,0.0,0.0
2003-07-31,42.264999,42.455002,41.535,42.0,40.759201,6338200,0.0,0.0
2003-08-01,41.884998,42.040001,41.205002,41.744999,40.511738,4301200,0.0,0.0
2003-08-04,41.75,42.599998,41.259998,42.474998,41.220173,5968000,0.0,0.0
2003-08-05,42.330002,42.400002,41.400002,41.57,40.3419,3473600,0.0,0.0
2003-08-06,41.5,41.830002,41.084999,41.285,40.065323,4579200,0.0,0.0
2003-08-07,41.279999,41.595001,40.689999,41.215,39.997387,3762600,0.0,0.0
2003-08-08,41.325001,41.924999,41.290001,41.724998,40.492329,3061000,0.0,0.0
2003-08-11,41.895,43.150002,41.805,42.639999,41.380302,4488200,0.0,0.0
2003-08-12,42.5,43.125,42.154999,43.099998,41.82671,3907000,0.0,0.0
2003-08-13,42.825001,43.014999,42.355,42.485001,41.229877,3899200,0.0,0.0
2003-08-14,42.555,44.0,42.43,43.259998,41.98196,7465200,0.0,0.0
2003-08-15,43.224998,43.25,42.825001,43.049999,41.778179,2814400,0.0,0.0
2003-08-18,43.125,43.505001,42.744999,43.439999,42.156658,5088400,0.0,0.0
2003-08-19,43.724998,44.549999,43.279999,44.400002,43.088299,6632600,0.0,0.0
2003-08-20,44.02,44.715,43.974998,44.485001,43.170792,3238000,0.0,0.0
2003-08-21,44.685001,44.91,43.724998,44.435001,43.122269,6979800,0.0,0.0
2003-08-22,44.945,45.0,44.264999,44.424999,43.11256,3782600,0.0,0.0
2003-08-25,44.360001,44.439999,43.889999,44.189999,42.884502,2772800,0.0,0.0
2003-08-26,43.68,44.285,43.099998,44.255001,42.947578,4692600,0.0,0.0
2003-08-27,44.125,44.169998,43.240002,43.439999,42.156658,4604200,0.0,0.0
2003-08-28,43.595001,44.529999,43.57,44.529999,43.214455,3646600,0.0,0.0
2003-08-29,44.279999,45.23,44.200001,44.985001,43.656025,3799600,0.0,0.0
2003-09-02,44.900002,45.695,44.514999,45.505001,44.160656,5095200,0.0,0.0
2003-09-03,45.654999,46.0,45.349998,45.560001,44.214024,6998200,0.0,0.0
2003-09-04,45.540001,45.599998,45.040001,45.075001,43.743359,4212600,0.0,0.0
2003-09-05,44.810001,44.939999,44.240002,44.375,43.064045,4617200,0.0,0.0
2003-09-08,44.345001,45.435001,44.330002,45.34,44.000538,3111000,0.0,0.0
2003-09-09,45.325001,45.330002,44.549999,45.049999,43.719097,3830200,0.0,0.0
2003-09-10,44.799999,45.23,44.625,44.919998,43.592937,5079400,0.0,0.0
2003-09-11,45.055,45.424999,44.134998,44.959999,43.631752,4612400,0.0,0.0
2003-09-12,44.470001,44.75,43.75,44.634998,43.316357,5975600,0.0,0.0
2003-09-15,44.764999,44.939999,44.285,44.400002,43.088299,3514000,0.0,0.0
2003-09-16,44.435001,46.57,44.375,46.57,45.194195,8338200,0.0,0.0
2003-09-17,46.119999,47.470001,45.82,47.125,45.732803,7945200,0.0,0.0
2003-09-18,47.32,47.439999,46.889999,47.424999,46.023926,4347000,0.0,0.0
2003-09-19,47.369999,47.625,46.855,47.375,45.975403,5265600,0.0,0.0
2003-09-22,46.755001,47.23,46.605,47.099998,45.708527,3771800,0.0,0.0
2003-09-23,47.195,48.075001,46.720001,48.049999,46.63047,5913400,0.0,0.0
2003-09-24,47.619999,48.5,46.764999,46.810001,45.427113,6857800,0.0,0.0
2003-09-25,46.755001,47.82,46.395,46.810001,45.427113,6769600,0.0,0.0
2003-09-26,46.814999,47.365002,45.755001,45.889999,44.534283,8332800,0.0,0.0
2003-09-29,46.055,46.990002,46.009998,46.615002,45.237865,6494600,0.0,0.0
2003-09-30,46.375,46.625,45.509998,46.09,44.728371,8072800,0.0,0.0
2003-10-01,46.130001,47.465,45.959999,47.445,46.043343,6798200,0.0,0.0
2003-10-02,47.349998,48.450001,47.264999,48.255001,46.829414,7064400,0.0,0.0
2003-10-03,48.845001,49.965,48.700001,49.139999,47.688263,8329600,0.0,0.0
2003-10-06,49.215,50.099998,49.134998,49.785,48.314224,4319400,0.0,0.0
2003-10-07,49.740002,50.314999,49.240002,49.875,48.401546,5686600,0.0,0.0
2003-10-08,49.990002,50.200001,49.529999,49.93,48.454926,4064200,0.0,0.0
2003-10-09,50.349998,50.869999,49.595001,49.93,48.454926,6993400,0.0,0.0
2003-10-10,50.0,51.330002,49.84,50.799999,49.299225,5319600,0.0,0.0
2003-10-13,51.380001,51.494999,50.775002,51.18,49.668011,3053000,0.0,0.0
2003-10-14,51.130001,51.764999,51.0,51.525002,50.002808,4149000,0.0,0.0
2003-10-15,52.049999,52.360001,51.43,51.790001,50.259983,4245800,0.0,0.0
2003-10-16,51.599998,52.474998,51.5,52.415001,50.86652,3664000,0.0,0.0
2003-10-17,52.305,52.494999,51.220001,51.52,49.997955,3789200,0.0,0.0
2003-10-20,51.5,52.040001,51.290001,51.900002,50.366726,4659600,0.0,0.0
2003-10-21,51.845001,52.884998,51.540001,52.32,50.774319,5523400,0.0,0.0
2003-10-22,51.825001,52.240002,50.84,50.970001,49.464195,8207400,0.0,0.0
2003-10-23,48.325001,49.200001,47.575001,49.005001,47.557255,17368800,0.0,0.0
2003-10-24,49.0,49.105,47.849998,48.785,47.343758,10187800,0.0,0.0
2003-10-27,48.924999,49.310001,48.41,48.880001,47.435959,4999600,0.0,0.0
2003-10-28,48.919998,49.255001,48.049999,49.215,47.761055,7908600,0.0,0.0
2003-10-29,49.290001,50.564999,49.165001,50.25,48.765472,7885200,0.0,0.0
2003-10-30,50.665001,50.755001,49.285,49.619999,48.154091,6253800,0.0,0.0
2003-10-31,49.634998,50.125,49.055,49.470001,48.008514,4721400,0.0,0.0
2003-11-03,48.325001,49.965,48.125,49.445,47.984245,9366400,0.0,0.0
2003-11-04,49.494999,50.330002,49.375,49.66,48.192905,5834800,0.0,0.0
2003-11-05,49.735001,50.5,49.014999,50.145,48.663574,5071200,0.0,0.0
2003-11-06,49.990002,50.369999,49.650002,50.09,48.610191,4493400,0.0,0.0
2003-11-07,50.09,50.884998,49.875,50.049999,48.571377,4235200,0.0,0.0
2003-11-10,49.865002,50.529999,49.400002,49.555,48.091003,4588200,0.0,0.0
2003-11-11,49.860001,50.09,49.41,49.639999,48.173492,4466400,0.0,0.0
2003-11-12,49.955002,51.700001,49.91,51.314999,49.799004,5310400,0.0,0.0
2003-11-13,51.264999,51.625,50.84,51.125,49.614613,4575000,0.0,0.0
2003-11-14,50.134998,50.860001,49.994999,50.040001,48.561672,7606800,0.0,0.0
2003-11-17,49.599998,49.880001,48.09,48.450001,47.01865,7001600,0.0,0.0
2003-11-18,48.5,48.549999,45.799999,45.919998,44.563389,8735900,0.0,2.0
2003-11-19,46.259998,46.389999,43.619999,44.099998,42.797161,14495200,0.0,0.0
2003-11-20,44.080002,44.650002,43.91,44.25,42.94273,9353100,0.0,0.0
2003-11-21,44.5,44.720001,43.869999,44.16,42.855392,7002700,0.0,0.0
2003-11-24,42.560001,43.860001,42.299999,43.689999,42.399281,10110400,0.0,0.0
2003-11-25,44.0,44.560001,43.349998,43.630001,42.341045,5695500,0.0,0.0
2003-11-26,43.849998,45.560001,43.810001,45.380001,44.039345,6326200,0.0,0.0
2003-11-28,44.98,45.400002,43.790001,44.23,42.923325,3565400,0.0,0.0
2003-12-01,44.73,45.380001,44.09,45.189999,43.85495,4910200,0.0,0.0
2003-12-02,44.869999,44.869999,43.700001,43.900002,42.603081,6005100,0.0,0.0
2003-12-03,43.860001,44.119999,41.169998,42.27,41.021229,16108300,0.0,0.0
2003-12-04,41.82,43.240002,41.639999,42.009998,40.768913,7772000,0.0,0.0
2003-12-05,41.689999,43.0,41.669998,42.279999,41.030922,4949100,0.0,0.0
2003-12-08,42.150002,42.610001,41.419998,42.48,41.225021,3674300,0.0,0.0
2003-12-09,42.779999,42.950001,41.27,41.43,40.206043,4407400,0.0,0.0
2003-12-10,41.32,41.66,40.599998,41.349998,40.128403,5875300,0.0,0.0
2003-12-11,43.200001,43.779999,42.599998,43.630001,42.341045,9357800,0.0,0.0
2003-12-12,43.860001,44.450001,43.0,44.259998,42.952431,5251900,0.0,0.0
2003-12-15,45.009998,45.200001,42.990002,43.25,41.972271,6010800,0.0,0.0
2003-12-16,44.200001,44.82,43.73,44.470001,43.156227,5460500,0.0,0.0
2003-12-17,44.639999,44.68,43.509998,44.349998,43.039764,3753600,0.0,0.0
2003-12-18,45.009998,45.439999,44.459999,44.849998,43.525002,4616500,0.0,0.0
2003-12-19,45.59,46.849998,45.220001,46.09,44.728371,8074300,0.0,0.0
2003-12-22,46.25,46.400002,45.27,46.02,44.660439,4094600,0.0,0.0
2003-12-23,46.0,47.439999,45.400002,47.23,45.834682,4741100,0.0,0.0
2003-12-24,46.950001,47.310001,46.57,46.799999,45.417393,1399900,0.0,0.0
2003-12-26,46.689999,47.240002,46.68,46.950001,45.562969,921700,0.0,0.0
2003-12-29,46.900002,47.490002,46.75,47.25,45.854107,3003300,0.0,0.0
2003-12-30,47.5,48.07,47.290001,47.869999,46.455784,2767900,0.0,0.0
2003-12-31,48.25,48.259998,47.099998,47.68,46.271404,3542500,0.0,0.0
2004-01-02,48.27,48.34,47.389999,47.630001,46.222874,3880600,0.0,0.0
2004-01-05,47.990002,48.080002,47.200001,47.830002,46.416969,5487000,0.0,0.0
2004-01-06,48.200001,49.189999,47.759998,48.869999,47.426239,5985400,0.0,0.0
2004-01-07,48.599998,49.360001,47.950001,48.650002,47.212738,5955800,0.0,0.0
2004-01-08,49.0,49.490002,48.27,49.130001,47.678566,3878600,0.0,0.0
2004-01-09,48.5,49.93,47.630001,48.130001,46.708103,5253500,0.0,0.0
2004-01-12,48.349998,49.139999,47.400002,48.959999,47.513584,3575600,0.0,0.0
2004-01-13,48.330002,48.759998,45.869999,46.849998,45.465927,6132800,0.0,0.0
2004-01-14,48.0,48.400002,47.310001,48.18,46.756634,4520500,0.0,0.0
2004-01-15,47.799999,48.799999,47.599998,48.41,46.979832,4375500,0.0,0.0
2004-01-16,48.630001,48.869999,47.25,47.66,46.251987,4471300,0.0,0.0
2004-01-20,47.73,47.91,46.849998,47.849998,46.436382,3542800,0.0,0.0
2004-01-21,48.200001,48.330002,46.939999,47.75,46.339325,2542900,0.0,0.0
2004-01-22,48.119999,48.900002,47.889999,48.439999,47.008938,3338000,0.0,0.0
2004-01-23,48.560001,49.5,48.200001,49.130001,47.678566,4237600,0.0,0.0
2004-01-26,48.84,49.490002,48.080002,49.419998,47.959991,3426400,0.0,0.0
2004-01-27,49.360001,49.869999,48.450001,48.529999,47.096294,6076400,0.0,0.0
2004-01-28,46.07,47.610001,45.900002,46.310001,44.941872,19136400,0.0,0.0
2004-01-29,46.75,47.200001,46.009998,46.939999,45.553265,5352200,0.0,0.0
2004-01-30,46.950001,47.799999,46.34,46.860001,45.475616,3724700,0.0,0.0
2004-02-02,46.639999,46.959999,45.380001,45.419998,44.078156,6884200,0.0,0.0
2004-02-03,45.98,45.98,44.220001,44.529999,43.214455,9099600,0.0,0.0
2004-02-04,44.389999,45.310001,44.07,44.169998,42.865082,3773000,0.0,0.0
2004-02-05,44.23,44.82,43.799999,44.099998,42.797161,4144800,0.0,0.0
2004-02-06,44.650002,44.73,43.759998,44.630001,43.311501,4674800,0.0,0.0
2004-02-09,44.779999,45.049999,44.060001,44.849998,43.525002,3388300,0.0,0.0
2004-02-10,44.25,45.189999,44.169998,44.779999,43.457069,3327400,0.0,0.0
2004-02-11,46.540001,46.869999,45.310001,45.419998,44.078156,5626700,0.0,0.0
2004-02-12,45.110001,45.560001,44.349998,45.049999,43.719097,3758900,0.0,0.0
2004-02-13,44.98,45.25,44.119999,44.43,43.117413,3145400,0.0,0.0
2004-02-17,44.720001,45.419998,43.43,44.900002,43.573528,5480200,0.0,0.0
2004-02-18,45.779999,46.959999,45.560001,46.66,45.281528,8161800,0.0,0.0
2004-02-19,46.900002,47.619999,46.09,46.09,44.728371,4832300,0.0,0.0
2004-02-20,46.040001,46.25,45.0,45.68,44.330475,4435600,0.0,0.0
2004-02-23,45.830002,45.970001,45.0,45.93,44.573086,3231000,0.0,0.0
2004-02-24,45.98,47.310001,45.900002,46.68,45.300938,4497000,0.0,0.0
2004-02-25,46.84,47.0,46.419998,46.580002,45.203899,2684000,0.0,0.0
2004-02-26,46.639999,46.860001,45.990002,46.82,45.436806,3205000,0.0,0.0
2004-02-27,46.669998,47.490002,46.349998,47.16,45.766754,4393800,0.0,0.0
2004-03-01,47.66,47.700001,46.689999,47.650002,46.242279,2780800,0.0,0.0
2004-03-02,47.669998,47.830002,46.68,46.720001,45.339756,3278400,0.0,0.0
2004-03-03,46.619999,47.830002,46.549999,47.52,46.116127,3362600,0.0,0.0
2004-03-04,47.220001,47.619999,46.799999,47.540001,46.135536,2621200,0.0,0.0
2004-03-05,47.080002,48.5,47.02,47.529999,46.125832,4232100,0.0,0.0
2004-03-08,47.939999,47.959999,46.34,46.490002,45.116562,3957100,0.0,0.0
2004-03-09,46.77,46.959999,46.049999,46.380001,45.009811,3913700,0.0,0.0
2004-03-10,46.299999,46.790001,45.509998,45.990002,44.631321,3874600,0.0,0.0
2004-03-11,45.18,46.389999,45.150002,45.759998,44.408119,3554400,0.0,0.0
2004-03-12,45.689999,46.970001,45.639999,46.919998,45.533844,2873100,0.0,0.0
2004-03-15,47.139999,47.799999,47.0,47.25,45.854107,3818800,0.0,0.0
2004-03-16,47.84,48.060001,46.599998,48.0,46.581951,4243900,0.0,0.0
2004-03-17,46.759998,48.18,46.709999,48.099998,46.678993,2560200,0.0,0.0
2004-03-18,48.009998,48.5,47.349998,48.389999,46.960426,2515600,0.0,0.0
2004-03-19,48.18,50.310001,47.360001,48.799999,47.358315,6205300,0.0,0.0
2004-03-22,48.43,49.049999,47.380001,48.32,46.892494,2848100,0.0,0.0
2004-03-23,48.59,49.189999,47.470001,47.869999,46.455784,3198000,0.0,0.0
2004-03-24,48.299999,48.57,47.290001,47.799999,46.387836,3215700,0.0,0.0
2004-03-25,48.080002,50.360001,47.919998,50.029999,48.551971,5954200,0.0,0.0
2004-03-26,50.349998,52.18,50.25,51.779999,50.250263,8436000,0.0,0.0
2004-03-29,52.419998,53.98,52.029999,53.869999,52.278522,7485500,0.0,0.0
2004-03-30,53.790001,54.73,53.209999,53.759998,52.171776,5857200,0.0,0.0
2004-03-31,54.060001,54.25,52.91,53.740002,52.152359,4396800,0.0,0.0
2004-04-01,53.459999,54.099998,52.880001,53.419998,51.841816,4846900,0.0,0.0
2004-04-02,54.98,55.240002,53.689999,54.18,52.579372,3645400,0.0,0.0
2004-04-05,53.93,55.450001,53.810001,55.360001,53.724506,2904300,0.0,0.0
2004-04-06,55.32,55.91,54.529999,54.869999,53.248985,3015900,0.0,0.0
2004-04-07,54.23,54.57,52.610001,53.029999,51.463345,6108100,0.0,0.0
2004-04-08,53.200001,53.610001,51.349998,53.07,51.502159,5055100,0.0,0.0
2004-04-12,52.950001,54.52,52.73,53.150002,51.579803,2657400,0.0,0.0
2004-04-13,53.389999,53.389999,51.639999,51.869999,50.33762,3378300,0.0,0.0
2004-04-14,50.889999,52.330002,50.849998,52.25,50.70639,4796200,0.0,0.0
2004-04-15,52.689999,52.700001,51.310001,51.580002,50.056187,3272900,0.0,0.0
2004-04-16,52.049999,52.919998,51.0,52.380001,50.832539,2990500,0.0,0.0
2004-04-19,52.25,52.439999,51.369999,52.16,50.619049,2220300,0.0,0.0
2004-04-20,52.509998,53.509998,51.73,51.959999,50.42495,3087600,0.0,0.0
2004-04-21,51.91,52.43,51.200001,52.209999,50.667561,2221400,0.0,0.0
2004-04-22,52.150002,53.889999,51.759998,53.450001,51.870922,2473400,0.0,0.0
2004-04-23,53.200001,53.439999,52.700001,52.860001,51.298363,1848300,0.0,0.0
2004-04-26,52.91,52.93,51.389999,51.599998,50.075592,2610900,0.0,0.0
2004-04-27,51.349998,51.549999,50.080002,51.200001,49.687408,5374000,0.0,0.0
2004-04-28,51.34,51.650002,50.639999,50.810001,49.308922,3391100,0.0,0.0
2004-04-29,50.599998,50.599998,48.959999,49.950001,48.474339,5706700,0.0,0.0
2004-04-30,51.540001,52.32,50.25,50.619999,49.124546,6086100,0.0,0.0
2004-05-03,50.98,50.990002,49.560001,49.889999,48.416111,4256000,0.0,0.0
2004-05-04,49.900002,50.68,49.650002,50.18,48.697548,3230200,0.0,0.0
2004-05-05,50.240002,51.119999,49.75,50.919998,49.41568,2167800,0.0,0.0
2004-05-06,50.869999,51.75,50.68,51.41,49.891212,3458200,0.0,0.0
2004-05-07,51.369999,52.25,51.060001,51.880001,50.347317,4324300,0.0,0.0
2004-05-10,51.549999,52.450001,51.130001,51.970001,50.434654,4140400,0.0,0.0
2004-05-11,52.360001,52.450001,49.669998,50.369999,48.88192,6551000,0.0,0.0
2004-05-12,50.07,51.099998,48.450001,50.68,49.182781,5609100,0.0,0.0
2004-05-13,50.84,51.419998,50.459999,50.720001,49.2216,4418500,0.0,0.0
2004-05-14,50.860001,51.779999,49.560001,51.040001,49.532139,1842900,0.0,0.0
2004-05-17,50.540001,50.700001,49.939999,50.200001,48.716949,2875200,0.0,0.0
2004-05-18,50.540001,50.650002,49.279999,49.599998,48.134678,4519100,0.0,0.0
2004-05-19,50.099998,50.459999,47.77,47.98,46.562527,6755300,0.0,0.0
2004-05-20,48.189999,48.900002,48.130001,48.299999,46.873074,5568900,0.0,0.0
2004-05-21,48.990002,49.02,48.34,48.720001,47.280666,3184100,0.0,0.0
2004-05-24,49.099998,49.299999,48.23,48.48,47.047768,3286100,0.0,0.0
2004-05-25,48.5,50.25,47.419998,50.130001,48.64901,5561100,0.0,0.0
2004-05-26,50.0,50.830002,49.689999,50.060001,48.581093,3192000,0.0,0.0
2004-05-27,50.009998,51.59,49.740002,50.939999,49.435081,4779300,0.0,0.0
2004-05-28,51.169998,51.310001,50.549999,50.830002,49.328339,2262900,0.0,0.0
2004-06-01,50.75,51.509998,50.5,51.23,49.716518,2014800,0.0,0.0
2004-06-02,51.290001,51.349998,50.240002,50.57,49.076015,2821400,0.0,0.0
2004-06-03,50.389999,52.009998,50.240002,51.360001,49.842686,3640100,0.0,0.0
2004-06-04,51.889999,51.959999,51.0,51.509998,49.988262,2085400,0.0,0.0
2004-06-07,51.830002,52.810001,51.290001,52.66,51.104282,2688300,0.0,0.0
2004-06-08,51.98,53.0,51.98,52.900002,51.337196,2202700,0.0,0.0
2004-06-09,52.810001,53.189999,52.330002,52.650002,51.09457,1983600,0.0,0.0
2004-06-10,52.700001,53.380001,52.029999,52.240002,50.696682,2949700,0.0,0.0
2004-06-14,52.110001,52.27,50.900002,51.209999,49.697109,2862900,0.0,0.0
2004-06-15,51.650002,52.349998,51.25,51.779999,50.250263,1921100,0.0,0.0
2004-06-16,51.990002,52.639999,51.450001,52.27,50.725803,1594800,0.0,0.0
2004-06-17,52.07,52.299999,51.349998,51.650002,50.124115,2037200,0.0,0.0
2004-06-18,51.560001,52.700001,51.040001,51.689999,50.16293,3046200,0.0,0.0
2004-06-21,51.77,52.200001,51.189999,51.25,49.735939,1414100,0.0,0.0
2004-06-22,50.900002,50.98,50.330002,50.959999,49.454498,3256400,0.0,0.0
2004-06-23,50.950001,51.73,50.439999,51.66,50.133816,2389400,0.0,0.0
2004-06-24,51.630001,52.169998,51.169998,51.310001,49.794151,1777200,0.0,0.0
2004-06-25,51.450001,53.259998,51.400002,53.25,51.676849,4726600,0.0,0.0
2004-06-28,53.450001,54.060001,52.950001,53.279999,51.705952,2371900,0.0,0.0
2004-06-29,53.060001,54.48,53.029999,54.0,52.404686,3646700,0.0,0.0
2004-06-30,54.16,54.650002,53.360001,54.549999,52.938446,2043900,0.0,0.0
2004-07-01,55.0,55.009998,52.950001,53.5,51.919453,3998600,0.0,0.0
2004-07-02,53.700001,53.849998,52.669998,53.209999,51.63802,1842700,0.0,0.0
2004-07-06,53.580002,53.599998,51.82,52.810001,51.249836,2775900,0.0,0.0
2004-07-07,52.75,53.52,52.59,53.02,51.453644,3376400,0.0,0.0
2004-07-08,52.77,53.299999,52.009998,52.09,50.551113,3463400,0.0,0.0
2004-07-09,52.860001,53.869999,52.599998,53.77,52.181488,5311600,0.0,0.0
2004-07-12,53.560001,54.59,53.189999,53.919998,52.327053,3701700,0.0,0.0
2004-07-13,54.349998,54.439999,52.400002,52.93,51.366299,4319400,0.0,0.0
2004-07-14,52.91,53.41,52.299999,52.5,50.949005,2267600,0.0,0.0
2004-07-15,52.610001,53.240002,52.330002,52.880001,51.317772,3031200,0.0,0.0
2004-07-16,53.200001,53.299999,52.009998,52.049999,50.512291,2663700,0.0,0.0
2004-07-19,52.220001,52.900002,51.470001,51.580002,50.056187,3412300,0.0,0.0
2004-07-20,51.790001,52.639999,51.16,52.470001,50.919891,2568100,0.0,0.0
2004-07-21,53.09,54.130001,52.580002,52.889999,51.327477,5139300,0.0,0.0
2004-07-22,52.959999,53.0,51.439999,52.650002,51.09457,3852700,0.0,0.0
2004-07-23,49.970001,50.16,48.080002,49.830002,48.357883,15005100,0.0,0.0
2004-07-26,50.16,50.799999,49.860001,50.369999,48.88192,5065100,0.0,0.0
2004-07-27,50.939999,51.0,49.889999,50.77,49.270103,4411000,0.0,0.0
2004-07-28,50.400002,50.740002,49.310001,50.139999,48.65871,6191900,0.0,0.0
2004-07-29,50.529999,50.779999,49.950001,50.32,48.833416,2999300,0.0,0.0
2004-07-30,49.700001,50.27,49.57,50.130001,48.64901,3486500,0.0,0.0
2004-08-02,49.950001,50.009998,48.830002,49.0,47.552395,4143500,0.0,0.0
2004-08-03,49.060001,49.41,48.34,49.009998,47.562096,4261400,0.0,0.0
2004-08-04,49.099998,49.330002,48.689999,49.09,47.63974,2430200,0.0,0.0
2004-08-05,48.98,49.169998,47.73,47.970001,46.552837,4804500,0.0,0.0
2004-08-06,47.93,48.09,46.450001,47.080002,45.689125,4071000,0.0,0.0
2004-08-09,47.060001,47.880001,47.0,47.41,46.009373,2071100,0.0,0.0
2004-08-10,47.580002,48.860001,47.330002,48.650002,47.212738,3229100,0.0,0.0
2004-08-11,47.740002,48.93,47.330002,48.799999,47.358315,4797000,0.0,0.0
2004-08-12,47.689999,48.939999,47.630001,48.119999,46.698395,3011300,0.0,0.0
2004-08-13,48.150002,48.610001,47.98,48.32,46.892494,805300,0.0,0.0
2004-08-16,48.419998,48.889999,47.849998,48.740002,47.300087,2458100,0.0,0.0
2004-08-17,48.639999,49.59,48.0,48.369999,46.94101,3657800,0.0,0.0
2004-08-18,48.360001,50.049999,47.799999,49.5,48.037628,4572000,0.0,0.0
2004-08-19,49.380001,49.709999,48.75,49.060001,47.610634,2536800,0.0,0.0
2004-08-20,49.41,50.220001,48.959999,50.009998,48.532562,3593900,0.0,0.0
2004-08-23,50.099998,51.16,49.82,50.779999,49.279819,3237600,0.0,0.0
2004-08-24,50.869999,51.18,50.200001,50.720001,49.2216,2142500,0.0,0.0
2004-08-25,51.919998,52.07,50.860001,52.02,50.483185,3656800,0.0,0.0
2004-08-26,51.869999,52.110001,51.110001,51.959999,50.42495,1846000,0.0,0.0
2004-08-27,51.970001,52.060001,51.049999,51.290001,49.774738,1806700,0.0,0.0
2004-08-30,51.209999,51.450001,50.639999,50.639999,49.143955,1834200,0.0,0.0
2004-08-31,50.529999,51.060001,49.549999,49.779999,48.309361,4591600,0.0,0.0
2004-09-01,48.880001,49.130001,46.869999,48.799999,47.358315,10691800,0.0,0.0
2004-09-02,48.779999,49.450001,48.490002,49.290001,47.833832,3148200,0.0,0.0
2004-09-03,49.279999,49.43,47.959999,48.25,46.824566,2500700,0.0,0.0
2004-09-07,48.509998,49.599998,47.93,48.099998,46.678993,3723100,0.0,0.0
2004-09-08,47.93,48.560001,47.509998,47.799999,46.387836,3679200,0.0,0.0
2004-09-09,47.75,48.119999,47.470001,47.970001,46.552837,3734600,0.0,0.0
2004-09-10,48.049999,49.380001,47.950001,48.880001,47.435959,4142500,0.0,0.0
2004-09-13,48.970001,49.5,48.16,48.75,47.309795,3245500,0.0,0.0
2004-09-14,48.5,48.5,46.73,47.700001,46.29081,6351300,0.0,0.0
2004-09-15,47.529999,47.720001,47.25,47.490002,46.087017,2467700,0.0,0.0
2004-09-16,47.549999,48.369999,47.349998,48.18,46.756634,4136500,0.0,0.0
2004-09-17,48.639999,48.790001,47.82,48.25,46.824566,2626100,0.0,0.0
2004-09-20,47.75,49.790001,47.599998,48.400002,46.970123,3699900,0.0,0.0
2004-09-21,48.419998,48.68,47.759998,48.41,46.979832,2044100,0.0,0.0
2004-09-22,48.369999,48.380001,47.029999,47.119999,45.727928,3247000,0.0,0.0
2004-09-23,47.34,47.5,45.52,46.299999,44.932163,7508300,0.0,0.0
2004-09-24,45.59,46.900002,45.59,46.209999,44.844814,6799500,0.0,0.0
2004-09-27,46.0,46.400002,45.93,46.009998,44.650726,3158000,0.0,0.0
2004-09-28,46.209999,46.220001,44.900002,45.650002,44.301369,5007800,0.0,0.0
2004-09-29,45.599998,47.369999,45.369999,46.869999,45.485321,4704100,0.0,0.0
2004-09-30,47.049999,47.709999,45.84,45.990002,44.631321,5470000,0.0,0.0
2004-10-01,46.700001,47.400002,45.880001,46.439999,45.068016,4620200,0.0,0.0
2004-10-04,46.27,46.630001,44.610001,44.830002,43.5056,8011000,0.0,0.0
2004-10-05,44.869999,45.57,44.48,45.330002,43.990822,4228600,0.0,0.0
2004-10-06,45.380001,47.099998,44.279999,46.939999,45.553265,5819400,0.0,0.0
2004-10-07,46.580002,47.110001,45.5,45.619999,44.272255,3588700,0.0,0.0
2004-10-08,45.610001,46.32,44.57,44.580002,43.262981,4937000,0.0,0.0
2004-10-11,44.75,45.049999,44.400002,44.82,43.495884,2977200,0.0,0.0
2004-10-12,44.549999,45.860001,44.369999,45.57,44.223736,2977400,0.0,0.0
2004-10-13,46.060001,46.110001,44.84,45.349998,44.01022,2903700,0.0,0.0
2004-10-14,45.240002,45.389999,44.810001,45.16,43.825844,3610400,0.0,0.0
2004-10-15,45.490002,46.200001,44.77,45.43,44.087879,4150600,0.0,0.0
2004-10-18,45.580002,46.630001,45.16,46.52,45.145664,4122300,0.0,0.0
2004-10-19,46.25,47.869999,46.25,46.66,45.281528,9155700,0.0,0.0
2004-10-20,43.75,44.900002,43.380001,44.790001,43.466774,23136400,0.0,0.0
2004-10-21,44.740002,44.799999,44.0,44.299999,42.991264,5141500,0.0,0.0
2004-10-22,44.580002,44.700001,43.939999,44.279999,42.971848,3286100,0.0,0.0
2004-10-25,44.0,44.959999,43.900002,44.0,42.700115,2801900,0.0,0.0
2004-10-26,44.07,44.860001,43.75,44.860001,43.53471,4193400,0.0,0.0
2004-10-27,45.0,46.529999,44.73,46.080002,44.718674,4514900,0.0,0.0
2004-10-28,45.799999,46.080002,45.150002,45.450001,44.107281,3931100,0.0,0.0
2004-10-29,45.259998,45.389999,44.41,44.919998,43.592937,4498600,0.0,0.0
2004-11-01,45.139999,45.700001,44.700001,45.59,44.243134,2885700,0.0,0.0
2004-11-02,45.82,46.59,45.610001,45.939999,44.582802,3359800,0.0,0.0
2004-11-03,46.41,48.07,46.150002,47.790001,46.378147,7672900,0.0,0.0
2004-11-04,47.029999,48.400002,46.950001,48.369999,46.94101,3795300,0.0,0.0
2004-11-05,48.98,49.099998,47.59,47.880001,46.465492,4535600,0.0,0.0
2004-11-08,48.310001,48.459999,47.310001,47.400002,45.999672,3210800,0.0,0.0
2004-11-09,45.93,47.299999,45.759998,46.970001,45.582371,9570500,0.0,0.0
2004-11-10,47.049999,48.09,46.779999,47.700001,46.29081,5102600,0.0,0.0
2004-11-11,47.799999,48.27,47.119999,47.860001,46.446075,3462400,0.0,0.0
2004-11-12,47.25,47.75,46.93,47.59,46.184055,3808100,0.0,0.0
2004-11-15,47.48,49.959999,47.310001,49.279999,47.824123,6289000,0.0,0.0
2004-11-16,48.5,49.389999,48.169998,48.360001,46.931309,3530000,0.0,0.0
2004-11-17,47.77,49.23,47.560001,48.75,47.309795,4261400,0.0,0.0
2004-11-18,48.639999,50.040001,48.450001,49.900002,48.425819,4592100,0.0,0.0
2004-11-19,49.669998,49.919998,48.900002,49.150002,47.697975,3623200,0.0,0.0
2004-11-22,49.029999,49.150002,48.009998,48.790001,47.348606,2914600,0.0,0.0
2004-11-23,48.810001,49.34,48.25,48.450001,47.01865,3459500,0.0,0.0
2004-11-24,48.810001,49.130001,48.099998,48.189999,46.766327,3696800,0.0,0.0
2004-11-26,48.279999,48.290001,47.720001,47.759998,46.349026,1571900,0.0,0.0
2004-11-29,47.919998,48.299999,47.669998,47.959999,46.543125,3195700,0.0,0.0
2004-11-30,48.200001,49.18,47.389999,48.900002,47.455364,4685900,0.0,0.0
2004-12-01,48.82,49.869999,48.049999,49.700001,48.231716,4707800,0.0,0.0
2004-12-02,49.73,50.400002,49.299999,50.380001,48.891632,5224500,0.0,0.0
2004-12-03,50.209999,53.169998,50.009998,52.799999,51.240143,10772100,0.0,0.0
2004-12-06,52.470001,53.68,52.299999,53.48,51.900051,5576200,0.0,0.0
2004-12-07,53.23,53.259998,52.040001,52.080002,50.541412,4399700,0.0,0.0
2004-12-08,51.919998,53.07,51.59,52.240002,50.696682,4818200,0.0,0.0
2004-12-09,51.66,53.240002,51.509998,52.459999,50.910179,5144600,0.0,0.0
2004-12-10,51.259998,54.889999,51.23,54.189999,52.589069,11124200,0.0,0.0
2004-12-13,55.77,58.900002,55.700001,57.57,55.869213,16507100,0.0,0.0
2004-12-14,60.360001,62.169998,59.950001,60.610001,58.819412,24560400,0.0,0.0
2004-12-15,60.150002,60.990002,58.34,59.450001,57.69368,9944500,0.0,0.0
2004-12-16,60.009998,60.450001,58.900002,59.150002,57.402531,5315400,0.0,0.0
2004-12-17,59.490002,59.970001,58.759998,59.639999,57.878071,4477600,0.0,0.0
2004-12-20,59.759998,61.25,59.580002,59.939999,58.169193,5565900,0.0,0.0
2004-12-21,60.23,61.66,59.970001,61.299999,59.48901,4848300,0.0,0.0
2004-12-22,60.970001,62.200001,60.380001,61.709999,59.886913,4041400,0.0,0.0
2004-12-23,61.860001,62.860001,61.779999,62.459999,60.614754,2556500,0.0,0.0
2004-12-27,62.450001,63.099998,61.5,61.860001,60.032478,2655500,0.0,0.0
2004-12-28,62.0,63.0,61.490002,62.830002,60.973827,2264600,0.0,0.0
2004-12-29,62.150002,63.48,62.0,63.439999,61.5658,2001200,0.0,0.0
2004-12-30,63.709999,63.709999,62.73,62.91,61.051472,1367800,0.0,0.0
2004-12-31,63.009998,63.5,61.68,61.68,59.857803,2705000,0.0,0.0
2005-01-03,61.59,62.169998,60.77,60.880001,59.08144,4390800,0.0,0.0
2005-01-04,60.970001,61.369999,58.810001,59.139999,57.392838,3817800,0.0,0.0
2005-01-05,59.060001,60.16,58.73,59.709999,57.946003,3399400,0.0,0.0
2005-01-06,60.369999,60.48,58.34,58.41,56.684402,3352100,0.0,0.0
2005-01-07,58.110001,59.32,57.450001,58.939999,57.19875,5193700,0.0,0.0
2005-01-10,58.650002,60.200001,58.540001,59.360001,57.606342,3346000,0.0,0.0
2005-01-11,58.98,60.16,58.98,59.84,58.072155,2988000,0.0,0.0
2005-01-12,59.700001,60.0,58.549999,59.09,57.344318,4297000,0.0,0.0
2005-01-13,59.0,59.580002,58.16,58.290001,56.567947,4053100,0.0,0.0
2005-01-14,58.130001,60.130001,58.130001,59.84,58.072155,4146100,0.0,0.0
2005-01-18,61.0,62.720001,60.52,60.810001,59.013504,7976000,0.0,0.0
2005-01-19,60.950001,61.330002,60.18,60.240002,58.46035,3939600,0.0,0.0
2005-01-20,59.98,60.240002,59.110001,59.299999,57.548111,3867800,0.0,0.0
2005-01-21,59.049999,59.77,58.080002,58.259998,56.538834,3552100,0.0,0.0
2005-01-24,58.349998,58.709999,57.32,57.669998,55.966259,4299000,0.0,0.0
2005-01-25,57.52,58.700001,56.630001,57.540001,55.840111,7269900,0.0,0.0
2005-01-26,59.43,63.099998,58.700001,62.84,60.983521,14084100,0.0,0.0
2005-01-27,62.299999,63.48,62.099998,62.98,61.119389,5379400,0.0,0.0
2005-01-28,62.52,62.869999,61.049999,61.91,60.080994,5599200,0.0,0.0
2005-01-31,62.41,64.550003,62.34,64.339996,62.439205,6176800,0.0,0.0
2005-02-01,64.25,65.129997,63.849998,65.059998,63.137947,4001900,0.0,0.0
2005-02-02,65.400002,66.330002,64.699997,65.559998,63.623165,4886900,0.0,0.0
2005-02-03,65.190002,65.910004,64.769997,65.0,63.07972,3170600,0.0,0.0
2005-02-04,65.110001,68.239998,64.980003,68.120003,66.107521,5770500,0.0,0.0
2005-02-07,68.0,69.839996,66.989998,67.360001,65.36998,6493000,0.0,0.0
2005-02-08,67.080002,67.099998,65.309998,65.599998,63.661995,6798300,0.0,0.0
2005-02-09,65.080002,65.330002,63.360001,63.549999,61.672558,5238200,0.0,0.0
2005-02-10,61.939999,63.040001,61.880001,62.610001,60.760323,7506800,0.0,0.0
2005-02-11,62.549999,63.84,62.029999,63.220001,61.352295,3093600,0.0,0.0
2005-02-14,63.400002,64.449997,63.07,63.240002,61.371712,3183700,0.0,0.0
2005-02-15,63.389999,65.25,62.66,64.160004,62.26453,3530300,0.0,0.0
2005-02-16,65.279999,65.419998,64.449997,64.879997,62.963242,2755700,0.0,0.0
2005-02-17,64.5,65.129997,63.200001,63.610001,61.730789,6057400,0.0,0.0
2005-02-18,63.509998,64.720001,62.549999,64.040001,62.148079,4165800,0.0,0.0
2005-02-22,63.880001,65.879997,63.709999,64.349998,62.448917,4830300,0.0,0.0
2005-02-23,64.730003,64.900002,63.529999,63.549999,61.672558,2545000,0.0,0.0
2005-02-24,63.279999,64.620003,63.139999,64.57,62.662426,2011900,0.0,0.0
2005-02-25,64.57,65.010002,64.370003,64.980003,63.060326,1976900,0.0,0.0
2005-02-28,64.75,65.169998,63.380001,64.489998,62.584778,2774700,0.0,0.0
2005-03-01,64.309998,65.150002,63.990002,64.919998,63.002075,2629300,0.0,0.0
2005-03-02,64.540001,67.0,64.360001,66.459999,64.496559,3244000,0.0,0.0
2005-03-03,66.410004,66.489998,64.769997,65.660004,63.720222,2783900,0.0,0.0
2005-03-04,66.129997,68.099998,65.900002,67.75,65.748466,3405500,0.0,0.0
2005-03-07,67.660004,69.800003,67.519997,69.010002,66.97126,3900700,0.0,0.0
2005-03-08,68.809998,69.300003,68.290001,68.610001,66.583046,2572800,0.0,0.0
2005-03-09,68.290001,71.160004,68.290001,69.459999,67.407951,5267700,0.0,0.0
2005-03-10,69.519997,69.650002,67.190002,68.489998,66.466606,3626100,0.0,0.0
2005-03-11,67.959999,68.650002,67.440002,67.68,65.680542,2577200,0.0,0.0
2005-03-14,67.809998,69.18,67.68,68.040001,66.029907,3238100,0.0,0.0
2005-03-15,68.110001,68.139999,66.800003,67.150002,65.166199,2764300,0.0,0.0
2005-03-16,66.790001,67.330002,65.699997,65.93,63.982235,2525600,0.0,0.0
2005-03-17,65.699997,67.449997,65.620003,66.860001,64.884766,3728300,0.0,0.0
2005-03-18,66.800003,66.970001,65.800003,66.730003,64.758621,3777600,0.0,0.0
2005-03-21,66.650002,67.089996,65.830002,66.349998,64.389824,4216300,0.0,0.0
2005-03-22,57.110001,58.990002,54.990002,55.150002,53.520718,39596900,0.0,0.0
2005-03-23,55.099998,56.639999,54.52,55.049999,53.423668,12815000,0.0,0.0
2005-03-24,55.5,56.5,54.849998,55.169998,53.540123,6041400,0.0,0.0
2005-03-28,55.470001,55.889999,52.919998,54.02,52.424095,7780200,0.0,0.0
2005-03-29,53.630001,54.610001,52.27,52.419998,50.871353,5292600,0.0,0.0
2005-03-30,52.450001,54.279999,52.41,53.630001,52.045616,4937900,0.0,0.0
2005-03-31,53.209999,53.599998,51.740002,51.779999,50.250263,5919900,0.0,0.0
2005-04-01,52.299999,52.77,51.150002,51.919998,50.386139,6912200,0.0,0.0
2005-04-04,52.119999,52.830002,51.619999,52.720001,51.16251,4066900,0.0,0.0
2005-04-05,52.849998,53.709999,52.450001,52.91,51.346889,3907200,0.0,0.0
2005-04-06,52.830002,53.189999,52.169998,52.740002,51.181911,5057300,0.0,0.0
2005-04-07,52.75,52.900002,51.889999,52.360001,50.813141,3975600,0.0,0.0
2005-04-08,52.73,52.799999,51.02,51.060001,49.551544,3955100,0.0,0.0
2005-04-11,51.389999,51.459999,50.099998,50.23,48.746071,6242200,0.0,0.0
2005-04-12,50.189999,50.509998,49.82,50.43,48.940155,5190200,0.0,0.0
2005-04-13,50.23,50.5,49.139999,49.639999,48.173492,5686800,0.0,0.0
2005-04-14,49.560001,49.939999,48.669998,49.540001,48.076454,4978900,0.0,0.0
2005-04-15,49.779999,51.619999,49.73,50.25,48.765472,12433300,0.0,0.0
2005-04-18,50.779999,51.16,49.860001,50.470001,48.97897,6072500,0.0,0.0
2005-04-19,51.0,51.48,50.18,50.740002,49.241005,4182900,0.0,0.0
2005-04-20,51.009998,51.200001,49.43,49.439999,47.979408,5640500,0.0,0.0
2005-04-21,49.990002,51.220001,49.75,51.220001,49.706814,4521600,0.0,0.0
2005-04-22,50.970001,51.18,50.150002,50.610001,49.114834,2967200,0.0,0.0
2005-04-25,51.459999,52.849998,50.560001,52.849998,51.288662,4909200,0.0,0.0
2005-04-26,52.720001,53.66,52.599998,52.810001,51.249836,4768600,0.0,0.0
2005-04-27,52.75,53.25,51.099998,52.689999,51.133396,4859000,0.0,0.0
2005-04-28,52.650002,53.5,52.27,52.68,51.123695,3315100,0.0,0.0
2005-04-29,53.02,53.389999,52.360001,53.389999,51.812706,3516200,0.0,0.0
2005-05-02,53.25,53.459999,51.990002,52.450001,50.900478,4707100,0.0,0.0
2005-05-03,52.299999,53.599998,52.299999,52.900002,51.337196,6557100,0.0,0.0
2005-05-04,47.450001,49.5,47.450001,49.450001,47.989105,25114600,0.0,0.0
2005-05-05,49.290001,50.619999,49.200001,49.889999,48.416111,6164700,0.0,0.0
2005-05-06,49.970001,51.43,49.970001,50.970001,49.464195,4689000,0.0,0.0
2005-05-09,51.040001,52.029999,50.68,52.029999,50.492882,3174200,0.0,0.0
2005-05-10,51.830002,52.299999,51.400002,52.009998,50.473476,3507200,0.0,0.0
2005-05-11,52.259998,53.540001,51.900002,53.459999,51.880642,4290300,0.0,0.0
2005-05-12,53.450001,53.540001,52.02,52.43,50.881065,3373800,0.0,0.0
2005-05-13,52.73,52.810001,51.119999,52.34,50.793732,4900800,0.0,0.0
2005-05-16,52.400002,52.799999,51.66,52.509998,50.958706,2808300,0.0,0.0
2005-05-17,52.849998,54.25,52.790001,54.110001,52.511444,5436100,0.0,0.0
2005-05-18,54.07,54.68,53.220001,54.150002,52.550255,5718000,0.0,0.0
2005-05-19,54.459999,54.919998,54.07,54.830002,53.210175,2809800,0.0,0.0
2005-05-20,54.720001,54.970001,53.75,54.34,52.734646,4328400,0.0,0.0
2005-05-23,53.860001,54.029999,53.41,53.59,52.006802,3595800,0.0,0.0
2005-05-24,53.130001,53.25,52.02,52.810001,51.249836,5954800,0.0,0.0
2005-05-25,52.470001,52.599998,51.860001,52.09,50.551113,4348400,0.0,0.0
2005-05-26,52.380001,52.490002,51.540001,51.759998,50.230862,4354100,0.0,0.0
2005-05-27,51.669998,52.240002,51.580002,52.049999,50.512291,2987900,0.0,0.0
2005-05-31,51.939999,52.970001,51.849998,52.540001,50.987827,3222700,0.0,0.0
2005-06-01,52.610001,54.849998,52.57,54.110001,52.511444,3970200,0.0,0.0
2005-06-02,54.009998,54.169998,53.27,53.529999,51.948578,3876900,0.0,0.0
2005-06-03,53.740002,53.830002,52.580002,52.970001,51.405113,2438100,0.0,0.0
2005-06-06,53.080002,53.669998,52.82,53.040001,51.473057,3570700,0.0,0.0
2005-06-07,53.240002,53.290001,52.060001,52.27,50.725803,3517900,0.0,0.0
2005-06-08,52.349998,52.549999,51.950001,52.419998,50.871353,3039500,0.0,0.0
2005-06-09,52.360001,54.139999,52.220001,53.439999,51.861233,4185800,0.0,0.0
2005-06-10,53.669998,54.0,53.0,53.5,51.919453,3126400,0.0,0.0
2005-06-13,53.48,58.310001,53.439999,58.0,56.286518,11386500,0.0,0.0
2005-06-14,57.900002,58.330002,56.700001,57.939999,56.228287,5986000,0.0,0.0
2005-06-15,58.400002,59.369999,57.5,59.060001,57.315208,4020000,0.0,0.0
2005-06-16,58.689999,58.790001,57.509998,57.599998,55.898327,4222600,0.0,0.0
2005-06-17,59.0,59.0,57.279999,57.580002,55.878929,3886400,0.0,0.0
2005-06-20,57.939999,59.639999,57.639999,59.200001,57.451061,3944100,0.0,0.0
2005-06-21,59.02,59.830002,58.580002,58.970001,57.227856,2945300,0.0,0.0
2005-06-22,58.880001,59.75,58.049999,58.189999,56.470917,2781000,0.0,0.0
2005-06-23,58.450001,59.52,57.599998,57.630001,55.927444,3825400,0.0,0.0
2005-06-24,57.630001,58.080002,56.889999,57.93,56.218582,2336100,0.0,0.0
2005-06-27,57.540001,58.16,56.919998,57.150002,55.461613,2536600,0.0,0.0
2005-06-28,57.43,57.830002,57.099998,57.580002,55.878929,2337100,0.0,0.0
2005-06-29,57.650002,57.68,56.200001,56.73,55.054039,3003100,0.0,0.0
2005-06-30,57.009998,58.34,56.439999,56.610001,54.93758,3475300,0.0,0.0
2005-07-01,56.959999,57.43,56.150002,56.209999,54.5494,2155200,0.0,0.0
2005-07-05,55.959999,57.860001,55.220001,57.82,56.111828,3911300,0.0,0.0
2005-07-06,57.779999,57.91,56.73,56.77,55.092869,3098200,0.0,0.0
2005-07-07,55.900002,58.32,55.889999,58.150002,56.432087,3397700,0.0,0.0
2005-07-08,58.349998,58.419998,57.43,57.919998,56.208881,3427100,0.0,0.0
2005-07-11,58.299999,58.389999,56.849998,58.23,56.509727,2850600,0.0,0.0
2005-07-12,58.209999,60.709999,58.200001,60.66,58.867935,5235700,0.0,0.0
2005-07-13,60.619999,60.619999,59.700001,60.049999,58.275955,2957600,0.0,0.0
2005-07-14,60.650002,61.0,59.849998,60.32,58.537968,2570000,0.0,0.0
2005-07-15,58.950001,59.18,56.98,57.459999,55.762463,9533200,0.0,0.0
2005-07-18,57.849998,58.209999,57.669998,57.790001,56.082718,4131800,0.0,0.0
2005-07-19,58.130001,61.66,57.860001,61.57,59.751053,6513100,0.0,0.0
2005-07-20,60.299999,61.619999,59.5,61.529999,59.712219,5514500,0.0,0.0
2005-07-21,61.189999,63.119999,60.080002,60.240002,58.46035,7131800,0.0,0.0
2005-07-22,60.650002,61.310001,59.66,60.860001,59.062023,4811300,0.0,0.0
2005-07-25,61.029999,62.639999,61.029999,61.900002,60.071301,5352400,0.0,0.0
2005-07-26,61.139999,61.599998,59.0,59.0,57.256973,13798800,0.0,0.0
2005-07-27,58.650002,60.25,58.0,58.860001,57.121109,13006700,0.0,0.0
2005-07-28,58.880001,58.880001,58.049999,58.450001,56.723228,2720500,0.0,0.0
2005-07-29,58.450001,58.57,57.470001,57.599998,55.898327,2672100,0.0,0.0
2005-08-01,57.91,58.830002,57.5,58.619999,56.888206,2739900,0.0,0.0
2005-08-02,58.57,59.419998,58.169998,59.369999,57.616039,2217600,0.0,0.0
2005-08-03,60.0,60.439999,58.98,59.5,57.742203,2925800,0.0,0.0
2005-08-04,59.5,59.52,58.580002,58.889999,57.150227,1500500,0.0,0.0
2005-08-05,58.73,59.139999,58.200001,59.0,57.256973,1564700,0.0,0.0
2005-08-08,59.150002,59.990002,58.130001,58.380001,56.655293,2028200,0.0,0.0
2005-08-09,58.689999,59.330002,58.540001,58.959999,57.218151,1682100,0.0,0.0
2005-08-10,59.139999,60.0,58.959999,59.080002,57.334602,2877500,0.0,0.0
2005-08-11,59.099998,59.900002,58.630001,59.32,57.56752,1829800,0.0,0.0
2005-08-12,58.84,60.130001,58.810001,59.880001,58.110981,2291800,0.0,0.0
2005-08-15,59.599998,61.080002,59.52,60.709999,58.916458,1926800,0.0,0.0
2005-08-16,60.790001,61.259998,60.110001,60.110001,58.334179,2442100,0.0,0.0
2005-08-17,60.299999,61.060001,60.049999,60.529999,58.741768,1983900,0.0,0.0
2005-08-18,59.959999,60.349998,59.43,59.709999,57.946003,2049400,0.0,0.0
2005-08-19,59.43,60.419998,59.43,59.560001,57.800434,1870900,0.0,0.0
2005-08-22,59.490002,59.669998,58.419998,59.040001,57.295795,2142500,0.0,0.0
2005-08-23,59.099998,59.200001,58.57,58.77,57.033764,1770500,0.0,0.0
2005-08-24,58.700001,59.650002,58.18,58.220001,56.500015,2500800,0.0,0.0
2005-08-25,58.32,58.509998,57.849998,57.959999,56.2477,1762000,0.0,0.0
2005-08-26,58.0,58.259998,57.209999,58.07,56.354446,1528700,0.0,0.0
2005-08-29,57.799999,58.799999,57.459999,58.290001,56.567947,1765100,0.0,0.0
2005-08-30,58.150002,58.279999,56.099998,56.41,54.7435,5843900,0.0,0.0
2005-08-31,56.27,57.34,55.799999,57.279999,55.587791,2933000,0.0,0.0
2005-09-01,57.25,58.189999,57.110001,57.939999,56.228287,2563500,0.0,0.0
2005-09-02,57.990002,58.43,57.32,57.419998,55.723656,1850000,0.0,0.0
2005-09-06,57.400002,57.869999,55.48,56.139999,54.481468,4961000,0.0,0.0
2005-09-07,56.139999,56.650002,55.630001,56.549999,54.879349,2976800,0.0,0.0
2005-09-08,56.099998,57.880001,56.060001,56.849998,55.170494,3135000,0.0,0.0
2005-09-09,56.459999,56.509998,55.240002,56.119999,54.462044,5428900,0.0,0.0
2005-09-12,57.0,59.919998,57.0,59.09,57.344318,5774700,0.0,0.0
2005-09-13,59.09,62.380001,59.02,61.889999,60.061592,8751100,0.0,0.0
2005-09-14,61.84,61.84,60.77,60.869999,59.071724,3583900,0.0,0.0
2005-09-15,60.84,61.110001,60.09,60.200001,58.421528,2180900,0.0,0.0
2005-09-16,60.139999,60.860001,59.950001,60.59,58.800011,3172700,0.0,0.0
2005-09-19,60.75,62.549999,60.200001,60.490002,58.702965,2739600,0.0,0.0
2005-09-20,60.52,61.5,60.349998,60.860001,59.062023,3110100,0.0,0.0
2005-09-21,60.869999,60.919998,58.150002,58.459999,56.732925,4925600,0.0,0.0
2005-09-22,58.41,59.139999,57.09,58.560001,56.829967,4662700,0.0,0.0
2005-09-23,58.709999,58.720001,57.849998,58.200001,56.480614,1665900,0.0,0.0
2005-09-26,58.560001,59.369999,57.259998,57.52,55.820702,2984300,0.0,0.0
2005-09-27,57.66,58.34,57.259998,58.029999,56.315624,1861000,0.0,0.0
2005-09-28,58.380001,58.5,57.09,57.41,55.713947,1819500,0.0,0.0
2005-09-29,57.310001,58.34,56.299999,58.279999,56.558243,2860700,0.0,0.0
2005-09-30,58.130001,58.549999,56.59,56.889999,55.20932,3762100,0.0,0.0
2005-10-03,56.34,57.060001,56.07,56.240002,54.578499,4292700,0.0,0.0
2005-10-04,56.240002,56.400002,54.889999,54.959999,53.336323,4982100,0.0,0.0
2005-10-05,55.279999,55.290001,54.450001,54.549999,52.938446,4218200,0.0,0.0
2005-10-06,53.75,54.130001,52.529999,53.080002,51.511868,5658300,0.0,0.0
2005-10-07,53.150002,53.540001,52.700001,52.77,51.211021,2815600,0.0,0.0
2005-10-10,52.700001,52.77,51.169998,51.349998,49.83297,4983700,0.0,0.0
2005-10-11,53.0,53.389999,52.290001,52.860001,51.298363,4737000,0.0,0.0
2005-10-12,53.400002,54.34,51.450001,51.450001,49.930019,5971400,0.0,0.0
2005-10-13,51.369999,52.959999,51.040001,52.400002,50.851948,4201800,0.0,0.0
2005-10-14,53.799999,55.110001,53.66,54.060001,52.462917,5472400,0.0,0.0
2005-10-17,54.080002,54.360001,53.299999,53.549999,51.967979,2462500,0.0,0.0
2005-10-18,53.299999,53.740002,53.049999,53.18,51.608917,2379800,0.0,0.0
2005-10-19,53.43,54.080002,52.529999,54.080002,52.482327,2575200,0.0,0.0
2005-10-20,54.68,55.25,53.84,54.299999,52.69582,2963900,0.0,0.0
2005-10-21,55.07,55.169998,54.16,54.77,53.151939,4155100,0.0,0.0
2005-10-24,55.16,57.75,54.799999,57.720001,56.014786,4216200,0.0,0.0
2005-10-25,57.240002,57.549999,55.900002,56.790001,55.112267,3431800,0.0,0.0
2005-10-26,56.450001,57.119999,55.41,55.540001,53.899185,2216800,0.0,0.0
2005-10-27,55.619999,56.139999,54.77,55.18,53.549828,2153700,0.0,0.0
2005-10-28,55.580002,57.080002,55.580002,56.720001,55.044327,3336200,0.0,0.0
2005-10-31,56.790001,57.07,55.919998,56.880001,55.199604,3995000,0.0,0.0
2005-11-01,56.48,56.709999,54.889999,55.790001,54.141788,6098400,0.0,0.0
2005-11-02,57.639999,61.970001,57.5,60.23,58.450634,12692100,0.0,0.0
2005-11-03,60.650002,61.07,59.900002,59.950001,58.178909,3550800,0.0,0.0
2005-11-04,59.919998,60.68,59.369999,59.93,58.1595,3616800,0.0,0.0
2005-11-07,59.759998,60.130001,58.990002,59.93,58.1595,2319700,0.0,0.0
2005-11-08,59.630001,59.959999,59.16,59.380001,57.625751,2307100,0.0,0.0
2005-11-09,59.290001,59.990002,58.869999,59.700001,57.936302,3117300,0.0,0.0
2005-11-10,59.919998,60.599998,58.93,60.459999,58.67384,3296000,0.0,0.0
2005-11-11,60.639999,61.040001,58.73,59.41,57.654854,3669400,0.0,0.0
2005-11-14,59.220001,59.470001,58.580002,59.09,57.344318,2817300,0.0,0.0
2005-11-15,59.09,59.48,58.02,58.02,56.305927,2229200,0.0,0.0
2005-11-16,58.099998,58.27,57.389999,57.450001,55.752777,3236800,0.0,0.0
2005-11-17,58.060001,59.580002,57.82,59.57,57.810135,3175200,0.0,0.0
2005-11-18,59.650002,60.009998,57.919998,58.380001,56.655293,5304200,0.0,0.0
2005-11-21,58.900002,59.02,57.82,58.720001,56.985241,2423500,0.0,0.0
2005-11-22,59.07,60.689999,58.919998,59.900002,58.13039,4109600,0.0,0.0
2005-11-23,60.0,60.189999,58.099998,59.02,57.276382,3339400,0.0,0.0
2005-11-25,59.369999,59.41,58.369999,59.130001,57.383141,988600,0.0,0.0
2005-11-28,59.049999,59.369999,57.84,58.099998,56.383556,1649700,0.0,0.0
2005-11-29,58.220001,58.400002,55.84,56.34,54.675556,6921000,0.0,0.0
2005-11-30,56.400002,57.169998,56.119999,56.360001,54.694962,3223700,0.0,0.0
2005-12-01,56.950001,58.0,56.599998,57.400002,55.704243,2843400,0.0,0.0
2005-12-02,57.360001,58.23,56.0,56.830002,55.151089,2306900,0.0,0.0
2005-12-05,56.900002,57.0,55.200001,56.25,54.588223,3542200,0.0,0.0
2005-12-06,56.799999,57.5,56.439999,56.84,55.160786,2670000,0.0,0.0
2005-12-07,56.549999,57.360001,56.09,56.59,54.918175,2204600,0.0,0.0
2005-12-08,56.93,57.080002,55.27,55.75,54.102982,2784000,0.0,0.0
2005-12-09,54.860001,56.27,54.439999,55.139999,53.511005,5469100,0.0,0.0
2005-12-12,55.0,55.330002,54.939999,55.060001,53.433376,2432600,0.0,0.0
2005-12-13,55.200001,55.400002,54.779999,55.139999,53.511005,2862800,0.0,0.0
2005-12-14,53.900002,54.799999,53.509998,53.68,52.094147,4009800,0.0,0.0
2005-12-15,53.349998,54.150002,52.849998,53.32,51.744778,3695800,0.0,0.0
2005-12-16,53.32,53.700001,52.41,53.419998,51.841816,4561600,0.0,0.0
2005-12-19,53.5,54.27,52.16,52.25,50.70639,2883400,0.0,0.0
2005-12-20,52.34,53.720001,52.34,53.110001,51.540993,4890200,0.0,0.0
2005-12-21,53.349998,54.75,52.419998,53.459999,51.880642,14695200,0.0,0.0
2005-12-22,53.599998,54.139999,53.400002,53.759998,52.171776,3586900,0.0,0.0
2005-12-23,53.880001,53.950001,53.150002,53.369999,51.793297,1674200,0.0,0.0
2005-12-27,53.310001,53.779999,52.200001,52.459999,50.910179,2526100,0.0,0.0
2005-12-28,52.709999,53.150002,52.209999,52.540001,50.987827,1846300,0.0,0.0
2005-12-29,52.43,52.849998,52.25,52.43,50.881065,2108400,0.0,0.0
2005-12-30,52.119999,52.77,52.119999,52.310001,50.764606,2062700,0.0,0.0
2006-01-03,52.439999,53.630001,50.970001,53.34,51.764183,4937800,0.0,0.0
2006-01-04,53.75,54.73,53.470001,54.59,52.977257,4148600,0.0,0.0
2006-01-05,55.349998,56.0,54.98,55.84,54.190323,4225000,0.0,0.0
2006-01-06,56.0,57.200001,55.619999,56.560001,54.889061,3843000,0.0,0.0
2006-01-09,56.34,56.490002,55.799999,56.119999,54.462044,2599600,0.0,0.0
2006-01-10,55.52,56.16,55.360001,55.900002,54.248566,2751900,0.0,0.0
2006-01-11,55.740002,58.380001,55.740002,58.189999,56.470917,4766500,0.0,0.0
2006-01-12,57.959999,58.59,56.860001,57.169998,55.481033,2935800,0.0,0.0
2006-01-13,57.369999,57.549999,56.84,57.189999,55.500446,1279200,0.0,0.0
2006-01-17,56.509998,57.240002,55.82,56.200001,54.539692,2625100,0.0,0.0
2006-01-18,55.759998,57.73,55.75,56.990002,55.306355,3366300,0.0,0.0
2006-01-19,56.669998,56.939999,55.91,56.450001,54.782307,2283300,0.0,0.0
2006-01-20,56.330002,56.73,54.830002,54.919998,53.297512,2692100,0.0,0.0
2006-01-23,54.880001,55.07,54.299999,54.84,53.219879,2587100,0.0,0.0
2006-01-24,54.82,55.66,54.650002,55.540001,53.899185,2764700,0.0,0.0
2006-01-25,55.189999,55.630001,54.34,54.939999,53.316921,1625700,0.0,0.0
2006-01-26,55.639999,57.0,55.400002,56.889999,55.20932,3055900,0.0,0.0
2006-01-27,56.630001,56.970001,56.220001,56.810001,55.131676,2856300,0.0,0.0
2006-01-30,56.73,57.82,56.32,56.349998,54.685265,2921100,0.0,0.0
2006-01-31,56.459999,56.66,54.18,54.580002,52.967541,4663600,0.0,0.0
2006-02-01,54.299999,55.119999,53.889999,54.759998,53.142231,2836500,0.0,0.0
2006-02-02,54.299999,54.84,52.240002,53.580002,51.997097,7811900,0.0,0.0
2006-02-03,55.200001,55.200001,52.82,53.139999,51.570084,7771400,0.0,0.0
2006-02-06,54.75,55.0,53.880001,54.220001,52.618187,3359000,0.0,0.0
2006-02-07,54.060001,54.759998,53.5,53.990002,52.394981,2527800,0.0,0.0
2006-02-08,53.919998,54.34,53.450001,54.34,52.734646,1485200,0.0,0.0
2006-02-09,54.349998,54.66,52.549999,53.02,51.453644,3088800,0.0,0.0
2006-02-10,53.040001,54.43,52.599998,53.880001,52.288235,3250500,0.0,0.0
2006-02-13,53.599998,54.5,53.34,54.209999,52.608482,1636000,0.0,0.0
2006-02-14,54.369999,54.720001,52.869999,53.119999,51.550674,2644200,0.0,0.0
2006-02-15,52.889999,53.630001,52.380001,52.799999,51.240143,2849700,0.0,0.0
2006-02-16,52.700001,53.049999,51.98,52.349998,50.803432,3750800,0.0,0.0
2006-02-17,52.279999,52.41,51.799999,52.009998,50.473476,4354200,0.0,0.0
2006-02-21,52.0,52.07,50.709999,51.049999,49.541836,4017200,0.0,0.0
2006-02-22,50.619999,52.09,50.5,51.43,49.910625,3458800,0.0,0.0
2006-02-23,51.43,51.43,50.52,51.029999,49.52243,3559800,0.0,0.0
2006-02-24,50.91,51.830002,50.790001,51.790001,50.259983,2540900,0.0,0.0
2006-02-27,51.709999,53.599998,51.560001,53.02,51.453644,4257000,0.0,0.0
2006-02-28,52.790001,52.82,51.490002,51.970001,50.434654,3627300,0.0,0.0
2006-03-01,51.959999,52.360001,51.509998,52.029999,50.492882,2968700,0.0,0.0
2006-03-02,52.189999,52.790001,51.709999,52.68,51.123695,2875800,0.0,0.0
2006-03-03,52.150002,53.389999,52.099998,52.209999,50.667561,2694100,0.0,0.0
2006-03-06,52.189999,52.259998,50.799999,51.139999,49.629189,2760700,0.0,0.0
2006-03-07,50.790001,51.57,50.139999,51.349998,49.83297,3327800,0.0,0.0
2006-03-08,51.099998,51.700001,50.669998,51.330002,49.813568,2601100,0.0,0.0
2006-03-09,51.189999,51.630001,50.73,50.849998,49.347744,1544600,0.0,0.0
2006-03-10,50.990002,51.419998,50.299999,50.639999,49.143955,3594600,0.0,0.0
2006-03-13,50.509998,51.75,50.299999,51.669998,50.143528,4411500,0.0,0.0
2006-03-14,51.75,53.650002,51.099998,52.939999,51.376003,7670000,0.0,0.0
2006-03-15,53.900002,54.810001,53.59,54.450001,52.841389,5620600,0.0,0.0
2006-03-16,54.419998,54.900002,52.900002,53.009998,51.443935,2787000,0.0,0.0
2006-03-17,53.330002,53.529999,52.32,52.580002,51.026646,3562500,0.0,0.0
2006-03-20,52.889999,53.23,52.439999,52.669998,51.113983,1604000,0.0,0.0
2006-03-21,53.720001,55.240002,53.709999,53.720001,52.132965,6307100,0.0,0.0
2006-03-22,53.5,53.66,52.459999,52.93,51.366299,4875800,0.0,0.0
2006-03-23,52.630001,52.900002,51.799999,52.48,50.929596,3441000,0.0,0.0
2006-03-24,52.639999,52.889999,52.389999,52.580002,51.026646,3698100,0.0,0.0
2006-03-27,52.57,53.009998,52.080002,52.290001,50.745205,3104200,0.0,0.0
2006-03-28,52.48,52.73,51.900002,52.119999,50.580231,2470100,0.0,0.0
2006-03-29,51.889999,53.279999,51.889999,52.599998,51.046059,3218200,0.0,0.0
2006-03-30,52.830002,54.279999,52.82,54.189999,52.589069,3463100,0.0,0.0
2006-03-31,54.029999,54.970001,53.900002,54.720001,53.103424,2869200,0.0,0.0
2006-04-03,54.93,55.360001,54.68,55.009998,53.38485,2943700,0.0,0.0
2006-04-04,54.990002,55.169998,54.330002,54.93,53.307209,2359700,0.0,0.0
2006-04-05,54.689999,54.889999,54.099998,54.549999,52.938446,2227900,0.0,0.0
2006-04-06,54.689999,55.630001,54.52,55.290001,53.656586,2076500,0.0,0.0
2006-04-07,55.700001,56.389999,55.32,55.650002,54.005943,5452500,0.0,0.0
2006-04-10,55.43,55.599998,54.650002,54.900002,53.278107,1733900,0.0,0.0
2006-04-11,55.189999,55.189999,53.639999,54.419998,52.812283,1988200,0.0,0.0
2006-04-12,54.509998,55.720001,54.490002,55.380001,53.743916,2236000,0.0,0.0
2006-04-13,55.16,55.77,54.799999,55.060001,53.433376,1274700,0.0,0.0
2006-04-17,54.810001,55.349998,54.130001,54.389999,52.783165,2076900,0.0,0.0
2006-04-18,54.389999,56.439999,54.290001,56.009998,54.355312,3979000,0.0,0.0
2006-04-19,55.91,56.560001,55.619999,56.400002,54.73378,2306400,0.0,0.0
2006-04-20,56.459999,57.130001,56.040001,56.939999,55.257835,2571800,0.0,0.0
2006-04-21,57.0,57.299999,55.330002,55.75,54.102982,3389200,0.0,0.0
2006-04-24,55.799999,56.099998,54.5,54.880001,53.258694,3986100,0.0,0.0
2006-04-25,54.869999,55.380001,54.540001,54.869999,53.248985,1358700,0.0,0.0
2006-04-26,54.939999,56.709999,54.82,55.25,53.617764,2273100,0.0,0.0
2006-04-27,55.25,57.799999,55.09,57.299999,55.607201,4328300,0.0,0.0
2006-04-28,57.060001,57.540001,56.709999,56.799999,55.121964,2344400,0.0,0.0
2006-05-01,56.759998,57.200001,54.549999,54.900002,53.278107,3373300,0.0,0.0
2006-05-02,54.93,55.169998,54.029999,54.540001,52.928734,3250400,0.0,0.0
2006-05-03,54.5,54.700001,53.470001,54.5,52.889915,6851100,0.0,0.0
2006-05-04,48.689999,49.380001,47.139999,48.549999,47.115688,23414500,0.0,0.0
2006-05-05,48.400002,48.799999,47.66,47.849998,46.436382,5793900,0.0,0.0
2006-05-08,47.849998,48.0,46.830002,47.389999,45.989971,5041000,0.0,0.0
2006-05-09,47.509998,49.0,47.110001,47.549999,46.145237,5654900,0.0,0.0
2006-05-10,47.759998,48.150002,47.48,47.98,46.562527,4203900,0.0,0.0
2006-05-11,47.810001,48.040001,46.0,46.200001,44.835133,4095300,0.0,0.0
2006-05-12,46.529999,46.549999,44.700001,44.959999,43.631752,7708400,0.0,0.0
2006-05-15,44.939999,45.330002,44.150002,44.66,43.340614,4481100,0.0,0.0
2006-05-16,44.990002,45.41,43.18,43.240002,41.96257,6923800,0.0,0.0
2006-05-17,42.599998,43.099998,41.91,42.18,40.933884,9301300,0.0,0.0
2006-05-18,42.32,42.560001,41.639999,42.220001,40.97271,5984700,0.0,0.0
2006-05-19,42.400002,42.950001,41.77,42.52,41.26384,7054900,0.0,0.0
2006-05-22,42.720001,43.720001,42.599998,42.880001,41.613209,7100500,0.0,0.0
2006-05-23,43.18,44.07,42.66,42.689999,41.428818,3984900,0.0,0.0
2006-05-24,42.509998,44.099998,42.439999,44.0,42.700115,3542100,0.0,0.0
2006-05-25,44.82,44.82,43.349998,44.200001,42.894211,5209300,0.0,0.0
2006-05-26,44.400002,44.400002,43.75,44.25,42.94273,2046100,0.0,0.0
2006-05-30,43.860001,44.0,42.25,42.369999,41.118267,3329000,0.0,0.0
2006-05-31,42.310001,42.700001,41.849998,42.07,40.827133,4721600,0.0,0.0
2006-06-01,42.049999,42.400002,41.240002,41.869999,40.633041,6828900,0.0,0.0
2006-06-02,43.09,43.470001,42.189999,42.41,41.157093,4744200,0.0,0.0
2006-06-05,42.299999,42.549999,41.099998,41.18,39.963425,2699700,0.0,0.0
2006-06-06,41.27,41.400002,39.990002,40.880001,39.672287,4390300,0.0,0.0
2006-06-07,41.150002,42.540001,41.009998,41.259998,40.041058,4743400,0.0,0.0
2006-06-08,41.060001,42.869999,41.060001,42.380001,41.127979,6188200,0.0,0.0
2006-06-09,42.68,43.450001,42.5,42.75,41.487053,4173700,0.0,0.0
2006-06-12,42.900002,43.16,42.400002,42.419998,41.166786,3260700,0.0,0.0
2006-06-13,42.32,43.099998,42.310001,42.52,41.26384,3399300,0.0,0.0
2006-06-14,42.549999,42.580002,40.150002,41.110001,39.895493,5772900,0.0,0.0
2006-06-15,41.150002,42.139999,41.119999,41.959999,40.720387,3923700,0.0,0.0
2006-06-16,41.779999,42.450001,41.709999,42.299999,41.050339,3649600,0.0,0.0
2006-06-19,42.43,42.5,40.669998,41.209999,39.992535,3215900,0.0,0.0
2006-06-20,41.849998,42.200001,41.349998,41.41,40.186634,3491500,0.0,0.0
2006-06-21,42.0,42.389999,41.669998,41.959999,40.720387,3228900,0.0,0.0
2006-06-22,41.68,42.02,40.759998,41.02,39.808151,3694500,0.0,0.0
2006-06-23,41.029999,42.200001,40.880001,41.200001,39.982845,2691500,0.0,0.0
2006-06-26,41.599998,41.990002,41.119999,41.419998,40.196335,1303700,0.0,0.0
2006-06-27,41.43,42.02,40.540001,41.299999,40.07988,2894000,0.0,0.0
2006-06-28,41.299999,41.950001,41.099998,41.380001,40.157516,2351500,0.0,0.0
2006-06-29,41.720001,43.619999,41.650002,43.470001,42.185772,3075900,0.0,0.0
2006-06-30,43.84,44.25,42.919998,43.040001,41.768482,4804300,0.0,0.0
2006-07-03,43.040001,43.509998,42.849998,43.43,42.14695,1041600,0.0,0.0
2006-07-05,43.040001,43.369999,42.669998,42.810001,41.545273,3206500,0.0,0.0
2006-07-06,43.0,43.200001,41.650002,41.880001,40.64275,2809400,0.0,0.0
2006-07-07,41.630001,42.48,41.369999,42.040001,40.798019,2061500,0.0,0.0
2006-07-10,42.060001,42.610001,41.939999,42.32,41.069744,3555700,0.0,0.0
2006-07-11,41.939999,42.299999,41.639999,42.029999,40.788319,3201500,0.0,0.0
2006-07-12,42.139999,42.709999,41.57,42.599998,41.341476,2906400,0.0,0.0
2006-07-13,42.450001,44.290001,42.360001,43.52,42.234303,6269400,0.0,0.0
2006-07-14,45.0,46.049999,44.889999,45.310001,43.971416,6786600,0.0,0.0
2006-07-17,45.189999,45.689999,44.549999,45.150002,43.816147,3138600,0.0,0.0
2006-07-18,45.029999,46.040001,44.48,44.990002,43.660873,2899400,0.0,0.0
2006-07-19,45.27,46.25,44.990002,45.970001,44.611919,3286600,0.0,0.0
2006-07-20,45.880001,46.150002,44.939999,45.040001,43.7094,2653200,0.0,0.0
2006-07-21,44.73,45.48,44.580002,44.939999,43.612335,2422000,0.0,0.0
2006-07-24,45.130001,46.0,45.049999,45.720001,44.369305,2893000,0.0,0.0
2006-07-25,45.900002,48.639999,45.75,47.880001,46.465492,6150600,0.0,0.0
2006-07-26,47.610001,48.389999,47.41,47.799999,46.387836,3050500,0.0,0.0
2006-07-27,47.709999,48.169998,46.529999,46.84,45.456211,3545400,0.0,0.0
2006-07-28,46.830002,47.349998,46.259998,46.82,45.436806,2308600,0.0,0.0
2006-07-31,46.740002,47.57,46.049999,47.110001,45.718235,2925900,0.0,0.0
2006-08-01,46.299999,46.950001,46.139999,46.52,45.145664,7350600,0.0,0.0
2006-08-02,48.880001,50.740002,48.099998,50.119999,48.639309,10628300,0.0,0.0
2006-08-03,49.630001,50.119999,48.509998,49.580002,48.115265,2733500,0.0,0.0
2006-08-04,50.650002,51.0,48.049999,48.57,47.135109,4429100,0.0,0.0
2006-08-07,48.580002,48.619999,47.18,47.650002,46.242279,3368000,0.0,0.0
2006-08-08,47.98,48.25,47.0,47.610001,46.203465,2034700,0.0,0.0
2006-08-09,48.049999,50.0,48.049999,48.52,47.086575,4774300,0.0,0.0
2006-08-10,48.630001,48.900002,47.68,48.48,47.047768,2498600,0.0,0.0
2006-08-11,49.310001,50.599998,49.119999,49.880001,48.406406,4155300,0.0,0.0
2006-08-14,50.25,50.419998,48.82,48.919998,47.474762,2322500,0.0,0.0
2006-08-15,49.509998,51.0,49.009998,50.82,49.318634,3600100,0.0,0.0
2006-08-16,51.0,51.75,50.299999,51.639999,50.114403,3813600,0.0,0.0
2006-08-17,50.52,52.18,50.23,51.59,50.065891,2409300,0.0,0.0
2006-08-18,51.77,51.810001,50.389999,51.290001,49.774738,2476600,0.0,0.0
2006-08-21,50.849998,50.950001,49.75,49.990002,48.513172,3263000,0.0,0.0
2006-08-22,50.369999,51.73,50.25,50.68,49.182781,3135600,0.0,0.0
2006-08-23,50.700001,50.830002,49.509998,49.689999,48.222015,2071500,0.0,0.0
2006-08-24,50.18,50.18,48.290001,49.150002,47.697975,3629700,0.0,0.0
2006-08-25,49.060001,50.23,48.759998,49.299999,47.843544,1500700,0.0,0.0
2006-08-28,49.540001,50.299999,48.84,49.959999,48.484035,1757900,0.0,0.0
2006-08-29,49.98,50.0,48.759998,49.669998,48.202606,2328300,0.0,0.0
2006-08-30,49.720001,50.84,48.939999,50.700001,49.202175,4309900,0.0,0.0
2006-08-31,50.889999,51.380001,50.34,51.029999,49.52243,2796900,0.0,0.0
2006-09-01,51.66,52.5,51.049999,51.240002,49.726231,2700200,0.0,0.0
2006-09-05,51.130001,52.029999,50.75,51.880001,50.347317,2613000,0.0,0.0
2006-09-06,50.43,51.799999,50.32,51.220001,49.706814,3817900,0.0,0.0
2006-09-07,51.029999,51.360001,49.939999,50.860001,49.357449,3503100,0.0,0.0
2006-09-08,51.32,53.450001,51.009998,52.509998,50.958706,5413400,0.0,0.0
2006-09-11,52.0,52.610001,51.099998,52.25,50.70639,3383900,0.0,0.0
2006-09-12,52.439999,54.849998,51.669998,54.450001,52.841389,6002800,0.0,0.0
2006-09-13,54.060001,54.459999,53.41,54.27,52.666706,3931500,0.0,0.0
2006-09-14,54.049999,54.130001,52.720001,53.389999,51.812706,4181800,0.0,0.0
2006-09-15,53.720001,55.25,53.610001,54.220001,52.618187,5236300,0.0,0.0
2006-09-18,54.02,54.869999,53.349998,53.810001,52.220306,2071700,0.0,0.0
2006-09-19,54.790001,55.0,53.84,54.299999,52.69582,2855600,0.0,0.0
2006-09-20,55.0,56.029999,54.630001,56.009998,54.355312,3681600,0.0,0.0
2006-09-21,55.849998,57.610001,55.799999,56.060001,54.403843,4945800,0.0,0.0
2006-09-22,56.650002,57.580002,56.299999,56.919998,55.238419,5218500,0.0,0.0
2006-09-25,57.549999,57.740002,56.450001,57.25,55.558674,3620200,0.0,0.0
2006-09-26,57.099998,57.669998,56.639999,57.139999,55.451923,2486200,0.0,0.0
2006-09-27,56.990002,57.220001,56.27,56.490002,54.821133,2396200,0.0,0.0
2006-09-28,56.759998,56.880001,55.299999,55.830002,54.180634,3619700,0.0,0.0
2006-09-29,55.77,56.169998,54.849998,55.84,54.190323,2205300,0.0,0.0
2006-10-02,56.099998,56.099998,53.529999,53.700001,52.113548,5860800,0.0,0.0
2006-10-03,53.349998,55.0,53.299999,53.82,52.229996,3021200,0.0,0.0
2006-10-04,53.810001,55.25,53.650002,55.049999,53.423668,2890600,0.0,0.0
2006-10-05,55.240002,55.380001,54.380001,54.810001,53.190754,2417700,0.0,0.0
2006-10-06,55.009998,55.02,54.049999,54.560001,52.948139,1830200,0.0,0.0
2006-10-09,54.709999,54.860001,53.720001,53.73,52.142666,1898600,0.0,0.0
2006-10-10,53.93,55.09,53.07,54.900002,53.278107,3257100,0.0,0.0
2006-10-11,55.0,55.419998,54.189999,54.52,52.909332,3550100,0.0,0.0
2006-10-12,54.990002,56.139999,54.740002,55.919998,54.267971,2855800,0.0,0.0
2006-10-13,56.84,57.080002,55.990002,57.0,55.316059,3431000,0.0,0.0
2006-10-16,56.959999,57.459999,56.060001,56.110001,54.452347,3196900,0.0,0.0
2006-10-17,55.650002,56.009998,54.630001,55.830002,54.180634,2416400,0.0,0.0
2006-10-18,56.25,56.619999,55.150002,56.509998,54.84053,2449700,0.0,0.0
2006-10-19,56.139999,56.470001,55.380001,55.84,54.190323,2481000,0.0,0.0
2006-10-20,55.939999,56.310001,55.349998,56.029999,54.374714,3234000,0.0,0.0
2006-10-23,55.700001,56.290001,55.41,55.84,54.190323,2757200,0.0,0.0
2006-10-24,55.25,55.540001,53.57,55.060001,53.433376,4148900,0.0,0.0
2006-10-25,55.139999,55.189999,53.759998,54.310001,52.705528,2849700,0.0,0.0
2006-10-26,55.099998,55.349998,53.990002,54.720001,53.103424,2547100,0.0,0.0
2006-10-27,54.77,55.330002,54.34,54.509998,52.899628,3016600,0.0,0.0
2006-10-30,54.669998,54.799999,53.200001,53.720001,52.132965,4132500,0.0,0.0
2006-10-31,53.700001,54.02,52.59,52.889999,51.327477,3852200,0.0,0.0
2006-11-01,52.889999,53.459999,52.380001,52.759998,51.201321,4115900,0.0,0.0
2006-11-02,52.950001,53.43,52.529999,53.0,51.434231,6084900,0.0,0.0
2006-11-03,58.139999,59.849998,57.939999,59.240002,57.489883,15831900,0.0,0.0
2006-11-06,58.869999,59.52,58.599998,59.25,57.49958,4515300,0.0,0.0
2006-11-07,59.0,59.380001,58.049999,58.529999,56.800861,4390000,0.0,0.0
2006-11-08,58.25,58.810001,57.650002,58.139999,56.422375,5318200,0.0,0.0
2006-11-09,57.900002,58.709999,57.34,57.919998,56.208881,3369500,0.0,0.0
2006-11-10,57.23,58.75,57.150002,58.48,56.752327,3033400,0.0,0.0
2006-11-13,58.610001,59.259998,58.110001,58.389999,56.664986,2605300,0.0,0.0
2006-11-14,58.290001,58.68,56.900002,58.470001,56.742634,2791800,0.0,0.0
2006-11-15,58.389999,58.84,57.91,58.66,56.927017,3551600,0.0,0.0
2006-11-16,58.970001,59.009998,58.16,58.560001,56.829967,2913300,0.0,0.0
2006-11-17,58.400002,59.099998,58.209999,58.650002,56.917313,2449300,0.0,0.0
2006-11-20,58.470001,59.310001,58.09,58.490002,56.762043,2050900,0.0,0.0
2006-11-21,58.439999,58.529999,57.77,58.419998,56.694107,2711600,0.0,0.0
2006-11-22,58.220001,59.360001,58.209999,58.970001,57.227856,2401300,0.0,0.0
2006-11-24,58.720001,58.82,58.290001,58.419998,56.694107,833900,0.0,0.0
2006-11-27,58.169998,58.540001,56.360001,56.860001,55.180183,4596500,0.0,0.0
2006-11-28,56.630001,57.380001,56.619999,57.209999,55.519863,2565800,0.0,0.0
2006-11-29,57.139999,57.799999,56.189999,56.77,55.092869,3632400,0.0,0.0
2006-11-30,56.5,56.75,55.66,55.889999,54.238846,3837300,0.0,0.0
2006-12-01,55.669998,56.07,54.400002,55.23,53.598351,3595100,0.0,0.0
2006-12-04,55.23,56.68,55.23,56.209999,54.5494,3294000,0.0,0.0
2006-12-05,56.560001,56.669998,54.419998,55.349998,53.714802,6432700,0.0,0.0
2006-12-06,55.25,55.25,53.779999,54.119999,52.521137,4270700,0.0,0.0
2006-12-07,54.34,55.0,53.57,53.950001,52.356155,3735000,0.0,0.0
2006-12-08,53.400002,53.950001,52.799999,53.0,51.434231,4488500,0.0,0.0
2006-12-11,52.700001,53.040001,51.869999,52.25,50.70639,4232000,0.0,0.0
2006-12-12,52.509998,52.509998,51.450001,51.790001,50.259983,4169100,0.0,0.0
2006-12-13,52.0,53.380001,51.970001,52.619999,51.065456,6198200,0.0,0.0
2006-12-14,52.509998,53.700001,52.43,53.470001,51.89035,6176300,0.0,0.0
2006-12-15,53.849998,54.48,53.389999,53.849998,52.259121,4785300,0.0,0.0
2006-12-18,53.959999,54.0,52.23,52.810001,51.249836,3646200,0.0,0.0
2006-12-19,52.23,53.02,52.169998,52.66,51.104282,2597200,0.0,0.0
2006-12-20,52.799999,52.98,51.330002,51.380001,49.862087,5127300,0.0,0.0
2006-12-21,51.450001,52.299999,51.310001,51.799999,50.269684,4093600,0.0,0.0
2006-12-22,51.66,52.18,51.040001,51.060001,49.551544,1946500,0.0,0.0
2006-12-26,51.049999,51.360001,50.919998,51.119999,49.609764,1537200,0.0,0.0
2006-12-27,51.599998,51.759998,50.66,50.830002,49.328339,2455300,0.0,0.0
2006-12-28,50.66,51.209999,50.459999,50.669998,49.173065,2190300,0.0,0.0
2006-12-29,50.5,51.400002,50.209999,50.360001,48.872227,2644800,0.0,0.0
2007-01-03,50.759998,52.700001,49.689999,51.049999,49.541836,8206600,0.0,0.0
2007-01-04,51.650002,53.98,51.5,53.669998,52.084438,7824100,0.0,0.0
2007-01-05,53.299999,53.630001,52.349998,53.07,51.502159,5806900,0.0,0.0
2007-01-08,53.200001,53.209999,52.009998,52.880001,51.317772,2693500,0.0,0.0
2007-01-09,53.040001,53.709999,52.380001,52.700001,51.143093,2146300,0.0,0.0
2007-01-10,52.619999,53.880001,52.299999,53.68,52.094147,2422700,0.0,0.0
2007-01-11,54.43,54.43,52.200001,52.470001,50.919891,3762100,0.0,0.0
2007-01-12,52.349998,52.41,51.279999,51.759998,50.230862,5586600,0.0,0.0
2007-01-16,51.91,52.27,50.849998,50.970001,49.464195,3527700,0.0,0.0
2007-01-17,50.48,50.68,49.150002,49.48,48.018223,8710900,0.0,0.0
2007-01-18,50.490002,50.799999,50.040001,50.099998,48.6199,6766000,0.0,0.0
2007-01-19,50.43,51.400002,49.810001,50.34,48.852825,4767900,0.0,0.0
2007-01-22,50.490002,50.5,48.73,49.470001,48.008514,4975000,0.0,0.0
2007-01-23,49.290001,50.509998,48.669998,49.759998,48.289944,2850800,0.0,0.0
2007-01-24,49.91,50.779999,49.799999,50.34,48.852825,3111700,0.0,0.0
2007-01-25,49.52,50.07,48.630001,48.860001,47.416546,4127600,0.0,0.0
2007-01-26,49.150002,49.279999,47.959999,48.220001,46.795448,5012700,0.0,0.0
2007-01-29,48.299999,49.580002,48.209999,48.939999,47.494175,3231000,0.0,0.0
2007-01-30,49.650002,49.779999,48.830002,49.310001,47.853241,3284100,0.0,0.0
2007-01-31,49.400002,50.169998,48.689999,50.0,48.522854,3367300,0.0,0.0
2007-02-01,50.82,51.110001,50.25,50.540001,49.046913,7072500,0.0,0.0
2007-02-02,54.060001,54.389999,50.849998,51.130001,49.619476,14152500,0.0,0.0
2007-02-05,50.41,50.540001,49.610001,50.040001,48.561672,4793300,0.0,0.0
2007-02-06,49.959999,50.209999,49.139999,50.110001,48.62962,3811700,0.0,0.0
2007-02-07,50.25,50.810001,49.5,50.110001,48.62962,3115700,0.0,0.0
2007-02-08,50.25,50.59,49.700001,50.029999,48.551971,2365100,0.0,0.0
2007-02-09,50.25,50.25,49.459999,49.48,48.018223,2821600,0.0,0.0
2007-02-12,49.73,50.209999,49.369999,49.709999,48.241425,2216900,0.0,0.0
2007-02-13,49.540001,50.0,49.330002,49.919998,48.445221,1813500,0.0,0.0
2007-02-14,50.0,51.150002,49.700001,50.48,48.988674,3212800,0.0,0.0
2007-02-15,50.27,50.400002,49.700001,50.110001,48.62962,2066100,0.0,0.0
2007-02-16,49.880001,50.48,49.849998,50.009998,48.532562,2458900,0.0,0.0
2007-02-20,51.209999,52.279999,50.57,51.799999,50.269684,5224600,0.0,0.0
2007-02-21,52.799999,52.900002,51.400002,52.549999,50.997528,4751900,0.0,0.0
2007-02-22,52.84,53.169998,52.43,53.040001,51.473057,3268500,0.0,0.0
2007-02-23,52.880001,53.349998,52.32,53.189999,51.618618,3026500,0.0,0.0
2007-02-26,53.490002,53.799999,51.650002,51.959999,50.42495,3811300,0.0,0.0
2007-02-27,51.299999,53.139999,50.200001,50.639999,49.143955,7169500,0.0,0.0
2007-02-28,50.310001,51.32,50.099998,50.419998,48.930447,3734000,0.0,0.0
2007-03-01,49.75,50.639999,48.419998,49.810001,48.33847,3823600,0.0,0.0
2007-03-02,49.279999,49.959999,49.09,49.099998,47.649452,3237100,0.0,0.0
2007-03-05,48.82,49.68,48.5,48.950001,47.503872,3181700,0.0,0.0
2007-03-06,49.27,49.900002,48.700001,49.639999,48.173492,3715900,0.0,0.0
2007-03-07,49.5,50.419998,49.099998,50.18,48.697548,4567500,0.0,0.0
2007-03-08,50.5,51.259998,49.950001,50.32,48.833416,3492100,0.0,0.0
2007-03-09,50.900002,51.23,50.240002,50.830002,49.328339,3054800,0.0,0.0
2007-03-12,50.790001,51.540001,50.700001,50.990002,49.483612,1696300,0.0,0.0
2007-03-13,50.43,51.240002,49.549999,49.549999,48.086163,2973600,0.0,0.0
2007-03-14,49.5,50.240002,49.029999,50.23,48.746071,2161100,0.0,0.0
2007-03-15,50.41,50.57,49.880001,49.990002,48.513172,2240300,0.0,0.0
2007-03-16,49.720001,49.810001,48.740002,48.919998,47.474762,4680800,0.0,0.0
2007-03-19,48.990002,49.34,48.650002,48.98,47.53299,3046100,0.0,0.0
2007-03-20,48.950001,49.470001,48.77,49.330002,47.872654,1800300,0.0,0.0
2007-03-21,49.25,50.860001,49.009998,50.66,49.163361,3318700,0.0,0.0
2007-03-22,50.990002,50.990002,49.66,50.259998,48.775173,3288500,0.0,0.0
2007-03-23,50.200001,50.830002,50.130001,50.130001,48.64901,1552200,0.0,0.0
2007-03-26,49.970001,50.400002,49.299999,50.34,48.852825,2430300,0.0,0.0
2007-03-27,51.009998,52.240002,50.610001,51.310001,49.794151,4300400,0.0,0.0
2007-03-28,50.810001,52.029999,50.810001,51.790001,50.259983,3840800,0.0,0.0
2007-03-29,52.189999,52.200001,50.32,51.290001,49.774738,3632200,0.0,0.0
2007-03-30,51.299999,51.299999,50.119999,50.360001,48.872227,2516600,0.0,0.0
2007-04-02,50.580002,51.380001,50.310001,51.32,49.803867,2553500,0.0,0.0
2007-04-03,51.450001,52.18,51.259998,51.43,49.910625,2403600,0.0,0.0
2007-04-04,51.27,51.959999,51.110001,51.59,50.065891,1627000,0.0,0.0
2007-04-05,51.380001,52.049999,51.279999,51.939999,50.40554,1130600,0.0,0.0
2007-04-09,52.209999,52.240002,51.490002,51.5,49.978542,1720100,0.0,0.0
2007-04-10,51.369999,53.0,51.279999,52.950001,51.385708,3305800,0.0,0.0
2007-04-11,52.900002,53.400002,52.66,53.07,51.502159,3905500,0.0,0.0
2007-04-12,52.860001,53.259998,52.540001,53.130001,51.56039,3090400,0.0,0.0
2007-04-13,52.810001,53.549999,52.66,53.439999,51.861233,3486400,0.0,0.0
2007-04-16,53.459999,54.439999,53.360001,53.91,52.317337,2492200,0.0,0.0
2007-04-17,54.0,54.360001,53.560001,54.360001,52.754055,2878600,0.0,0.0
2007-04-18,54.220001,54.669998,53.599998,54.259998,52.657005,3317400,0.0,0.0
2007-04-19,53.919998,54.09,51.529999,51.860001,50.327904,7443700,0.0,0.0
2007-04-20,51.950001,52.25,51.009998,51.810001,50.279396,5384300,0.0,0.0
2007-04-23,51.630001,52.580002,51.52,52.07,50.531708,2480500,0.0,0.0
2007-04-24,52.43,52.799999,51.900002,52.23,50.686989,3898800,0.0,0.0
2007-04-25,52.400002,52.59,51.91,52.470001,50.919891,3198900,0.0,0.0
2007-04-26,51.919998,52.5,51.740002,52.349998,50.803432,2699700,0.0,0.0
2007-04-27,52.150002,52.830002,51.82,51.990002,50.454075,2467100,0.0,0.0
2007-04-30,51.900002,52.029999,50.389999,50.41,48.92075,3318200,0.0,0.0
2007-05-01,50.349998,50.419998,49.380001,49.950001,48.474339,6025500,0.0,0.0
2007-05-02,50.0,51.740002,49.950001,51.380001,49.862087,5827200,0.0,0.0
2007-05-03,51.380001,52.09,50.849998,51.259998,49.745632,2895700,0.0,0.0
2007-05-04,51.619999,52.099998,51.360001,51.650002,50.124115,2386600,0.0,0.0
2007-05-07,51.52,51.880001,51.029999,51.369999,49.852386,1730300,0.0,0.0
2007-05-08,51.790001,52.939999,51.299999,52.939999,51.376003,6385300,0.0,0.0
2007-05-09,51.299999,51.639999,50.220001,50.650002,49.153656,9403300,0.0,0.0
2007-05-10,50.5,50.650002,49.599998,49.900002,48.425819,4799500,0.0,0.0
2007-05-11,49.970001,50.240002,49.720001,50.07,48.590797,3013100,0.0,0.0
2007-05-14,50.330002,50.849998,49.57,49.77,48.299656,3819300,0.0,0.0
2007-05-15,50.040001,50.07,48.639999,48.700001,47.261265,4926500,0.0,0.0
2007-05-16,48.869999,49.34,48.48,49.139999,47.688263,5761100,0.0,0.0
2007-05-17,48.900002,49.07,48.18,48.41,46.979832,4249700,0.0,0.0
2007-05-18,48.450001,49.099998,48.0,48.580002,47.144806,4182500,0.0,0.0
2007-05-21,48.34,49.5,48.34,49.209999,47.756203,2279000,0.0,0.0
2007-05-22,49.27,49.43,48.610001,48.950001,47.503872,3744900,0.0,0.0
2007-05-23,48.950001,48.950001,48.150002,48.209999,46.785736,2706900,0.0,0.0
2007-05-24,48.009998,48.150002,46.27,46.619999,45.24271,8498100,0.0,0.0
2007-05-25,46.880001,47.91,46.799999,47.869999,46.455784,5137900,0.0,0.0
2007-05-29,47.889999,48.869999,47.790001,48.450001,47.01865,5314800,0.0,0.0
2007-05-30,48.009998,49.439999,47.860001,49.330002,47.872654,4747500,0.0,0.0
2007-05-31,49.540001,49.560001,48.470001,48.869999,47.426239,3429700,0.0,0.0
2007-06-01,48.849998,49.279999,48.400002,48.439999,47.008938,2200500,0.0,0.0
2007-06-04,48.52,49.68,48.150002,49.509998,48.04734,3965100,0.0,0.0
2007-06-05,49.209999,50.25,48.700001,50.099998,48.6199,3971600,0.0,0.0
2007-06-06,49.900002,50.5,49.68,50.220001,48.736366,4419000,0.0,0.0
2007-06-07,49.470001,50.040001,48.119999,48.450001,47.01865,4594200,0.0,0.0
2007-06-08,48.029999,49.310001,48.02,49.130001,47.678566,3940500,0.0,0.0
2007-06-11,49.110001,49.299999,48.52,48.869999,47.426239,2896700,0.0,0.0
2007-06-12,48.759998,48.799999,47.73,47.830002,46.416969,4405500,0.0,0.0
2007-06-13,47.880001,49.150002,47.529999,49.09,47.63974,3172500,0.0,0.0
2007-06-14,48.990002,49.669998,48.860001,49.060001,47.610634,2846800,0.0,0.0
2007-06-15,49.689999,50.52,48.900002,50.490002,48.998379,6379000,0.0,0.0
2007-06-18,50.200001,50.41,49.669998,49.709999,48.241425,2952700,0.0,0.0
2007-06-19,49.669998,49.799999,48.810001,48.98,47.53299,3749100,0.0,0.0
2007-06-20,49.139999,49.139999,47.950001,48.009998,46.591652,4113600,0.0,0.0
2007-06-21,47.93,48.59,47.450001,48.0,46.581951,3956300,0.0,0.0
2007-06-22,48.25,48.849998,48.009998,48.57,47.135109,2775100,0.0,0.0
2007-06-25,48.41,48.619999,47.330002,47.459999,46.057903,4287200,0.0,0.0
2007-06-26,47.560001,47.82,47.169998,47.540001,46.135536,4032100,0.0,0.0
2007-06-27,47.07,47.77,47.0,47.73,46.319923,2188100,0.0,0.0
2007-06-28,47.490002,48.110001,47.490002,47.599998,46.193768,2559300,0.0,0.0
2007-06-29,47.52,48.119999,47.07,47.32,45.922035,3089200,0.0,0.0
2007-07-02,47.950001,48.59,47.689999,48.169998,46.746925,2276000,0.0,0.0
2007-07-03,48.200001,48.740002,47.970001,48.740002,47.300087,1340500,0.0,0.0
2007-07-05,48.650002,51.360001,48.650002,50.900002,49.396282,7021800,0.0,0.0
2007-07-06,50.299999,51.110001,50.09,50.900002,49.396282,3696300,0.0,0.0
2007-07-09,51.599998,51.630001,49.790001,50.349998,48.862518,4418600,0.0,0.0
2007-07-10,50.119999,51.07,49.330002,49.439999,47.979408,3852000,0.0,0.0
2007-07-11,49.450001,49.779999,49.009998,49.599998,48.134678,3134900,0.0,0.0
2007-07-12,49.509998,49.68,48.490002,48.84,47.397129,5694400,0.0,0.0
2007-07-13,48.599998,49.09,48.07,48.25,46.824566,3580300,0.0,0.0
2007-07-16,48.009998,48.549999,47.869999,48.09,46.669285,3169700,0.0,0.0
2007-07-17,48.09,49.57,48.02,49.470001,48.008514,4990700,0.0,0.0
2007-07-18,49.41,50.060001,48.689999,50.060001,48.581093,5284600,0.0,0.0
2007-07-19,50.060001,52.23,50.060001,52.02,50.483185,7119300,0.0,0.0
2007-07-20,51.98,52.099998,51.400002,51.869999,50.33762,5012400,0.0,0.0
2007-07-23,51.919998,52.599998,51.709999,51.849998,50.318211,2992100,0.0,0.0
2007-07-24,51.09,51.529999,50.439999,50.939999,49.435081,5184200,0.0,0.0
2007-07-25,51.07,51.75,50.810001,51.66,50.133816,3380500,0.0,0.0
2007-07-26,50.830002,51.150002,49.759998,50.650002,49.153656,5781500,0.0,0.0
2007-07-27,50.779999,50.869999,49.830002,49.830002,48.357883,4630200,0.0,0.0
2007-07-30,49.740002,50.18,49.240002,49.610001,48.144379,3690500,0.0,0.0
2007-07-31,50.110001,50.110001,48.639999,48.639999,47.203037,4069600,0.0,0.0
2007-08-01,48.529999,49.549999,47.540001,48.099998,46.678993,6915700,0.0,0.0
2007-08-02,48.790001,51.959999,48.549999,51.560001,50.036774,9783800,0.0,0.0
2007-08-03,51.849998,52.299999,49.98,50.040001,48.561672,5578300,0.0,0.0
2007-08-06,51.189999,52.849998,50.849998,52.84,51.278957,5557900,0.0,0.0
2007-08-07,52.860001,54.57,51.869999,54.18,52.579372,5201300,0.0,0.0
2007-08-08,54.0,54.830002,53.619999,54.200001,52.598785,4666800,0.0,0.0
2007-08-09,53.790001,55.349998,53.389999,54.169998,52.569664,5296800,0.0,0.0
2007-08-10,53.299999,54.810001,52.25,53.279999,51.705952,4165400,0.0,0.0
2007-08-13,53.5,53.5,51.75,51.959999,50.42495,3316500,0.0,0.0
2007-08-14,52.220001,52.220001,51.43,51.549999,50.027065,2601600,0.0,0.0
2007-08-15,51.41,52.299999,50.0,50.040001,48.561672,5322500,0.0,0.0
2007-08-16,49.849998,51.200001,49.43,50.799999,49.299225,4740500,0.0,0.0
2007-08-17,51.110001,52.59,51.110001,52.470001,50.919891,4692800,0.0,0.0
2007-08-20,52.290001,52.59,50.860001,51.830002,50.298805,2538300,0.0,0.0
2007-08-21,51.59,52.610001,51.5,51.959999,50.42495,3512900,0.0,0.0
2007-08-22,52.02,53.220001,51.540001,51.84,50.308502,2412300,0.0,0.0
2007-08-23,52.700001,53.490002,52.0,52.689999,51.133396,3561500,0.0,0.0
2007-08-24,52.57,52.799999,51.700001,52.549999,50.997528,2337500,0.0,0.0
2007-08-27,52.380001,52.84,51.950001,52.560001,51.007236,1470800,0.0,0.0
2007-08-28,52.16,52.560001,51.459999,51.5,49.978542,2260800,0.0,0.0
2007-08-29,51.689999,52.490002,51.0,52.360001,50.813141,2084600,0.0,0.0
2007-08-30,52.169998,53.98,52.080002,53.169998,51.599205,2829800,0.0,0.0
2007-08-31,53.599998,53.599998,52.77,52.939999,51.376003,2081800,0.0,0.0
2007-09-04,52.57,54.25,52.25,53.869999,52.278522,2820500,0.0,0.0
2007-09-05,53.27,53.66,52.27,52.860001,51.298363,2675600,0.0,0.0
2007-09-06,53.150002,53.630001,51.98,53.290001,51.715668,2097900,0.0,0.0
2007-09-07,52.43,53.419998,51.139999,51.360001,49.842686,2761300,0.0,0.0
2007-09-10,51.259998,52.419998,50.799999,51.849998,50.318211,1995100,0.0,0.0
2007-09-11,52.099998,54.470001,52.02,54.099998,52.501728,3273600,0.0,0.0
2007-09-12,53.810001,53.970001,53.209999,53.310001,51.735069,3748800,0.0,0.0
2007-09-13,53.73,54.490002,53.060001,54.110001,52.511444,2064900,0.0,0.0
2007-09-14,53.98,55.009998,53.419998,54.759998,53.142231,3054800,0.0,0.0
2007-09-17,54.349998,54.799999,52.900002,53.73,52.142666,2603900,0.0,0.0
2007-09-18,54.189999,55.720001,54.07,55.720001,54.073879,3471500,0.0,0.0
2007-09-19,55.759998,56.0,55.080002,55.560001,53.918602,1937500,0.0,0.0
2007-09-20,55.290001,57.080002,55.18,56.419998,54.753193,2902000,0.0,0.0
2007-09-21,56.73,56.810001,55.639999,55.939999,54.287373,3999700,0.0,0.0
2007-09-24,55.82,55.950001,54.740002,55.049999,53.423668,2339700,0.0,0.0
2007-09-25,54.650002,55.5,54.299999,55.07,53.443077,2466600,0.0,0.0
2007-09-26,55.16,56.099998,55.0,55.669998,54.025337,1994300,0.0,0.0
2007-09-27,55.959999,56.75,55.810001,56.25,54.588223,1563400,0.0,0.0
2007-09-28,56.490002,56.900002,55.400002,55.990002,54.335899,2086000,0.0,0.0
2007-10-01,55.529999,58.380001,55.490002,58.220001,56.500015,3676300,0.0,0.0
2007-10-02,58.080002,58.709999,58.080002,58.349998,56.626179,2421100,0.0,0.0
2007-10-03,58.0,58.970001,57.970001,58.599998,56.868782,2082500,0.0,0.0
2007-10-04,58.5,58.75,58.0,58.41,56.684402,3652200,0.0,0.0
2007-10-05,58.189999,59.5,57.650002,58.959999,57.218151,3519200,0.0,0.0
2007-10-08,58.5,58.689999,57.810001,58.509998,56.781441,2272200,0.0,0.0
2007-10-09,59.09,60.25,58.0,59.939999,58.169193,4080100,0.0,0.0
2007-10-10,59.860001,60.240002,59.200001,59.91,58.140087,2463800,0.0,0.0
2007-10-11,59.91,60.349998,58.540001,58.689999,56.956131,2409000,0.0,0.0
2007-10-12,59.759998,61.619999,59.52,61.400002,59.586075,5744900,0.0,0.0
2007-10-15,60.93,61.400002,59.950001,60.310001,58.528275,2800800,0.0,0.0
2007-10-16,59.669998,60.220001,59.009998,59.630001,57.868362,2675200,0.0,0.0
2007-10-17,60.150002,60.470001,58.689999,59.950001,58.178909,3445200,0.0,0.0
2007-10-18,60.0,60.23,58.91,59.470001,57.713097,2018300,0.0,0.0
2007-10-19,59.470001,59.560001,57.439999,57.619999,55.917747,3485600,0.0,0.0
2007-10-22,57.029999,59.0,57.029999,58.209999,56.490326,2311700,0.0,0.0
2007-10-23,58.049999,59.400002,57.150002,57.540001,55.840111,4639700,0.0,0.0
2007-10-24,57.200001,57.900002,55.880001,57.25,55.558674,3842200,0.0,0.0
2007-10-25,57.77,59.0,56.439999,56.849998,55.170494,3444800,0.0,0.0
2007-10-26,57.759998,58.52,57.27,58.080002,56.364151,3243600,0.0,0.0
2007-10-29,58.110001,58.48,57.18,57.259998,55.568378,2681400,0.0,0.0
2007-10-30,57.139999,59.349998,56.900002,59.0,57.256973,4163600,0.0,0.0
2007-10-31,59.799999,61.290001,59.68,61.119999,59.314342,6244200,0.0,0.0
2007-11-01,61.009998,61.049999,57.889999,58.740002,57.004658,8037200,0.0,0.0
2007-11-02,60.349998,61.5,58.75,60.459999,58.67384,6494400,0.0,0.0
2007-11-05,59.509998,59.720001,57.880001,58.759998,57.024067,3651100,0.0,0.0
2007-11-06,58.75,59.259998,57.91,58.529999,56.800861,2680700,0.0,0.0
2007-11-07,58.419998,58.889999,57.799999,58.0,56.286518,3798900,0.0,0.0
2007-11-08,58.0,58.459999,56.040001,57.139999,55.451923,4463400,0.0,0.0
2007-11-09,56.25,57.110001,55.459999,55.73,54.083572,5131700,0.0,0.0
2007-11-12,56.099998,56.73,55.0,55.0,53.375137,3524900,0.0,0.0
2007-11-13,55.209999,57.43,54.330002,57.380001,55.68483,5053700,0.0,0.0
2007-11-14,57.02,57.470001,55.509998,55.560001,53.918602,3257800,0.0,0.0
2007-11-15,55.5,57.310001,55.25,56.290001,54.627037,3036500,0.0,0.0
2007-11-16,56.259998,57.029999,56.0,56.57,54.898766,3006300,0.0,0.0
2007-11-19,56.57,57.110001,55.32,55.75,54.102982,2665400,0.0,0.0
2007-11-20,55.049999,56.189999,53.810001,55.0,53.375137,3192700,0.0,0.0
2007-11-21,55.25,55.369999,53.279999,53.810001,52.220306,3056400,0.0,0.0
2007-11-23,53.869999,54.540001,53.529999,54.290001,52.686127,802300,0.0,0.0
2007-11-26,54.459999,55.18,53.77,53.779999,52.191189,2638800,0.0,0.0
2007-11-27,54.060001,55.869999,54.049999,55.099998,53.472179,3729600,0.0,0.0
2007-11-28,56.0,57.75,55.43,57.290001,55.597485,4094700,0.0,0.0
2007-11-29,57.290001,57.799999,56.610001,56.830002,55.151089,3728700,0.0,0.0
2007-11-30,57.290001,57.490002,55.919998,56.189999,54.529984,4830400,0.0,0.0
2007-12-03,56.25,56.830002,54.799999,55.130001,53.501305,4462500,0.0,0.0
2007-12-04,54.52,55.259998,54.07,54.419998,52.812283,3462600,0.0,0.0
2007-12-05,54.52,55.240002,54.040001,54.709999,53.093712,4611900,0.0,0.0
2007-12-06,54.889999,54.889999,54.060001,54.580002,52.967541,2627500,0.0,0.0
2007-12-07,54.810001,55.139999,53.959999,54.049999,52.453213,3549000,0.0,0.0
2007-12-10,54.139999,55.950001,53.990002,55.740002,54.093288,2364500,0.0,0.0
2007-12-11,55.610001,56.82,55.48,55.66,54.015644,3303100,0.0,0.0
2007-12-12,55.73,56.889999,55.25,55.93,54.277672,3262900,0.0,0.0
2007-12-13,55.799999,57.439999,55.529999,57.330002,55.636307,3759900,0.0,0.0
2007-12-14,57.040001,58.5,56.639999,58.080002,56.364151,3512700,0.0,0.0
2007-12-17,57.990002,58.110001,55.939999,56.84,55.160786,4509300,0.0,0.0
2007-12-18,57.509998,58.099998,56.950001,57.139999,55.451923,2608900,0.0,0.0
2007-12-19,57.32,58.830002,57.169998,58.560001,56.829967,2880700,0.0,0.0
2007-12-20,59.0,59.240002,58.139999,59.220001,57.470482,2338400,0.0,0.0
2007-12-21,59.540001,59.700001,58.029999,58.93,57.18903,5176400,0.0,0.0
2007-12-24,58.57,59.549999,58.43,59.389999,57.635452,830100,0.0,0.0
2007-12-26,59.540001,60.349998,59.540001,60.02,58.246838,1749800,0.0,0.0
2007-12-27,60.049999,60.049999,58.639999,58.68,56.946423,1731900,0.0,0.0
2007-12-28,58.849998,59.240002,58.16,58.560001,56.829967,1868200,0.0,0.0
2007-12-31,58.209999,58.880001,58.0,58.41,56.684402,1137200,0.0,0.0
2008-01-02,58.029999,58.349998,56.23,56.759998,55.083157,2957600,0.0,0.0
2008-01-03,56.66,57.099998,55.75,56.139999,54.481468,2438200,0.0,0.0
2008-01-04,56.080002,56.5,54.259998,54.509998,52.899628,2640400,0.0,0.0
2008-01-07,54.610001,55.02,53.669998,54.029999,52.4338,4676400,0.0,0.0
2008-01-08,54.330002,55.970001,53.5,53.5,51.919453,3782800,0.0,0.0
2008-01-09,53.720001,55.299999,53.009998,53.25,51.676849,5004800,0.0,0.0
2008-01-10,53.299999,54.119999,52.48,53.720001,52.132965,4575500,0.0,0.0
2008-01-11,53.209999,53.599998,52.25,52.860001,51.298363,4079700,0.0,0.0
2008-01-14,53.27,53.939999,52.849998,53.32,51.744778,2246900,0.0,0.0
2008-01-15,52.689999,53.290001,51.470001,51.470001,49.94944,4064700,0.0,0.0
2008-01-16,51.41,51.470001,49.450001,49.959999,48.484035,8174700,0.0,0.0
2008-01-17,49.529999,51.18,49.529999,50.599998,49.105133,5893500,0.0,0.0
2008-01-18,49.860001,51.34,49.09,49.419998,47.959991,7838200,0.0,0.0
2008-01-22,47.049999,50.009998,46.349998,49.490002,48.027924,6720300,0.0,0.0
2008-01-23,46.549999,48.459999,45.799999,48.07,46.649872,10178500,0.0,0.0
2008-01-24,48.200001,49.470001,46.869999,49.459999,47.998814,6207400,0.0,0.0
2008-01-25,49.939999,50.0,47.139999,47.220001,45.824989,4722200,0.0,0.0
2008-01-28,47.009998,47.529999,45.830002,46.189999,44.825413,5838800,0.0,0.0
2008-01-29,46.139999,46.32,44.23,45.57,44.223736,8248400,0.0,0.0
2008-01-30,46.709999,48.459999,46.52,47.23,45.834682,7941700,0.0,0.0
2008-01-31,46.5,47.68,45.599998,47.369999,45.970554,6898500,0.0,0.0
2008-02-01,46.610001,49.0,46.34,48.619999,47.183632,9309800,0.0,0.0
2008-02-04,48.389999,48.970001,46.5,46.5,45.126255,5651300,0.0,0.0
2008-02-05,45.529999,46.139999,44.849998,45.41,44.06847,8001600,0.0,0.0
2008-02-06,45.689999,45.689999,44.25,44.41,43.098007,5967200,0.0,0.0
2008-02-07,44.560001,45.380001,43.619999,44.779999,43.457069,7200000,0.0,0.0
2008-02-08,44.439999,44.98,44.040001,44.57,43.253269,5628200,0.0,0.0
2008-02-11,44.900002,46.349998,44.59,46.349998,44.980682,4854300,0.0,0.0
2008-02-12,46.700001,49.950001,45.849998,48.849998,47.406834,13668300,0.0,0.0
2008-02-13,49.25,49.970001,48.580002,48.869999,47.426239,8045800,0.0,0.0
2008-02-14,49.150002,49.150002,47.889999,48.43,46.999249,4924200,0.0,0.0
2008-02-15,48.25,48.990002,47.990002,48.720001,47.280666,2679800,0.0,0.0
2008-02-19,49.279999,49.610001,48.560001,48.900002,47.455364,3777100,0.0,0.0
2008-02-20,48.740002,49.5,48.43,49.5,48.037628,3616900,0.0,0.0
2008-02-21,49.490002,50.16,48.790001,48.950001,47.503872,3647500,0.0,0.0
2008-02-22,49.259998,49.84,48.709999,49.740002,48.270542,3630800,0.0,0.0
2008-02-25,48.299999,49.139999,46.5,47.139999,45.747353,12723300,0.0,0.0
2008-02-26,47.049999,48.080002,46.509998,47.93,46.514011,6072500,0.0,0.0
2008-02-27,47.880001,48.330002,47.139999,47.360001,45.960854,4015600,0.0,0.0
2008-02-28,47.119999,47.689999,47.02,47.23,45.834682,3163300,0.0,0.0
2008-02-29,46.34,47.310001,45.580002,47.290001,45.892925,6277400,0.0,0.0
2008-03-03,47.07,48.259998,46.82,47.720001,46.310215,4748000,0.0,0.0
2008-03-04,47.240002,47.299999,46.200001,47.049999,45.660011,4461100,0.0,0.0
2008-03-05,46.630001,47.900002,46.52,47.529999,46.125832,2843500,0.0,0.0
2008-03-06,47.57,48.380001,46.759998,46.779999,45.39798,3174800,0.0,0.0
2008-03-07,46.630001,47.360001,45.639999,46.310001,44.941872,3963600,0.0,0.0
2008-03-10,46.290001,46.290001,44.68,44.68,43.360023,4542500,0.0,0.0
2008-03-11,45.310001,47.130001,45.25,47.119999,45.727928,4294800,0.0,0.0
2008-03-12,47.720001,48.16,47.009998,47.23,45.834682,2775900,0.0,0.0
2008-03-13,46.880001,47.700001,45.849998,47.259998,45.863808,2919700,0.0,0.0
2008-03-14,47.169998,48.669998,46.220001,46.91,45.524158,3993800,0.0,0.0
2008-03-17,46.889999,47.16,45.490002,45.860001,44.505157,4851900,0.0,0.0
2008-03-18,46.299999,47.060001,45.48,46.970001,45.582371,3557200,0.0,0.0
2008-03-19,47.389999,48.419998,46.869999,46.869999,45.485321,2504600,0.0,0.0
2008-03-20,47.099998,48.459999,46.389999,48.459999,47.028362,4172900,0.0,0.0
2008-03-24,48.400002,50.209999,48.279999,49.689999,48.222015,3609600,0.0,0.0
2008-03-25,50.330002,51.080002,50.0,50.18,48.697548,4070500,0.0,0.0
2008-03-26,49.57,49.689999,48.84,49.459999,47.998814,2702200,0.0,0.0
2008-03-27,49.349998,49.490002,48.02,48.150002,46.727516,3179900,0.0,0.0
2008-03-28,48.700001,49.68,48.619999,49.34,47.882359,3644400,0.0,0.0
2008-03-31,49.369999,50.27,49.130001,49.919998,48.445221,3163500,0.0,0.0
2008-04-01,51.0,51.959999,50.360001,51.93,50.395847,3934400,0.0,0.0
2008-04-02,51.34,52.189999,50.950001,51.48,49.959141,3061300,0.0,0.0
2008-04-03,51.41,51.869999,50.73,50.849998,49.347744,3113500,0.0,0.0
2008-04-04,50.810001,52.279999,50.689999,51.939999,50.40554,3583000,0.0,0.0
2008-04-07,52.349998,52.830002,51.860001,52.299999,50.754898,3490700,0.0,0.0
2008-04-08,51.869999,52.810001,51.869999,52.439999,50.890781,2707900,0.0,0.0
2008-04-09,52.610001,52.610001,50.450001,51.009998,49.503017,2904700,0.0,0.0
2008-04-10,51.040001,51.860001,50.380001,51.349998,49.83297,1976600,0.0,0.0
2008-04-11,51.400002,51.439999,49.869999,50.209999,48.726658,3245300,0.0,0.0
2008-04-14,50.0,50.900002,49.57,50.330002,48.843105,2263900,0.0,0.0
2008-04-15,50.5,51.150002,50.200001,50.880001,49.376862,2707200,0.0,0.0
2008-04-16,51.139999,52.119999,50.900002,52.02,50.483185,3296500,0.0,0.0
2008-04-17,52.330002,52.860001,50.970001,51.459999,49.939724,3051700,0.0,0.0
2008-04-18,52.639999,53.0,51.759998,52.009998,50.473476,4872000,0.0,0.0
2008-04-21,51.389999,52.369999,51.360001,52.060001,50.521996,2631400,0.0,0.0
2008-04-22,51.599998,52.07,51.299999,51.919998,50.386139,1632700,0.0,0.0
2008-04-23,52.619999,52.619999,51.419998,51.810001,50.279396,2532000,0.0,0.0
2008-04-24,51.700001,52.02,51.18,51.490002,49.968838,3283400,0.0,0.0
2008-04-25,51.43,51.970001,50.91,51.529999,50.007656,3507300,0.0,0.0
2008-04-28,52.040001,52.040001,51.349998,51.830002,50.298805,1981100,0.0,0.0
2008-04-29,51.52,52.259998,51.380001,51.68,50.153225,2557400,0.0,0.0
2008-04-30,51.880001,52.450001,51.240002,51.470001,49.94944,2015700,0.0,0.0
2008-05-01,51.32,53.259998,51.259998,53.189999,51.618618,2868300,0.0,0.0
2008-05-02,53.529999,54.110001,52.689999,53.169998,51.599205,3497700,0.0,0.0
2008-05-05,52.93,53.299999,52.02,52.09,50.551113,1612100,0.0,0.0
2008-05-06,51.950001,52.439999,51.560001,52.18,50.638454,2545200,0.0,0.0
2008-05-07,52.040001,52.900002,51.810001,52.110001,50.57053,2382300,0.0,0.0
2008-05-08,52.41,53.23,52.02,52.580002,51.026646,2035400,0.0,0.0
2008-05-09,52.099998,53.150002,51.759998,52.610001,51.055752,2506900,0.0,0.0
2008-05-12,52.77,54.5,52.130001,54.27,52.666706,5688800,0.0,0.0
2008-05-13,54.200001,54.810001,52.580002,54.57,52.957848,7575800,0.0,0.0
2008-05-14,54.200001,54.57,52.349998,52.779999,51.220734,8837200,0.0,0.0
2008-05-15,52.5,52.950001,51.029999,51.52,49.997955,7054600,0.0,0.0
2008-05-16,51.77,51.830002,49.080002,49.599998,48.134678,10216000,0.0,0.0
2008-05-19,49.529999,49.869999,47.810001,48.43,46.999249,6404600,0.0,0.0
2008-05-20,48.389999,49.34,48.040001,49.049999,47.600918,6766700,0.0,0.0
2008-05-21,49.380001,50.389999,48.740002,48.950001,47.503872,4716400,0.0,0.0
2008-05-22,49.099998,49.169998,48.450001,48.650002,47.212738,2780800,0.0,0.0
2008-05-23,48.369999,48.869999,48.169998,48.34,46.911903,2549600,0.0,0.0
2008-05-27,48.189999,49.84,48.189999,49.669998,48.202606,3025600,0.0,0.0
2008-05-28,49.509998,49.669998,48.630001,49.080002,47.630047,2980600,0.0,0.0
2008-05-29,49.009998,50.380001,48.990002,50.049999,48.571377,3302200,0.0,0.0
2008-05-30,50.060001,50.549999,49.939999,50.200001,48.716949,3212400,0.0,0.0
2008-06-02,50.0,50.099998,48.560001,49.029999,47.581516,3388400,0.0,0.0
2008-06-03,49.139999,49.43,48.150002,48.57,47.135109,3950100,0.0,0.0
2008-06-04,48.59,49.529999,48.189999,48.93,47.484455,3103600,0.0,0.0
2008-06-05,49.400002,49.740002,48.759998,49.540001,48.076454,2393000,0.0,0.0
2008-06-06,49.060001,49.369999,47.540001,47.549999,46.145237,3318400,0.0,0.0
2008-06-09,47.540001,47.689999,46.529999,46.93,45.543564,3801500,0.0,0.0
2008-06-10,46.540001,46.970001,45.990002,46.16,44.79631,5614900,0.0,0.0
2008-06-11,46.049999,46.5,45.599998,46.07,44.708954,4016100,0.0,0.0
2008-06-12,46.650002,46.959999,45.5,45.990002,44.631321,3357600,0.0,0.0
2008-06-13,46.48,47.330002,46.360001,46.990002,45.601788,3156500,0.0,0.0
2008-06-16,46.950001,47.380001,46.349998,47.060001,45.66972,2258800,0.0,0.0
2008-06-17,47.150002,47.220001,46.18,46.759998,45.378578,3431700,0.0,0.0
2008-06-18,46.360001,47.439999,46.259998,46.959999,45.572666,3088800,0.0,0.0
2008-06-19,47.16,48.549999,46.599998,48.439999,47.008938,4159700,0.0,0.0
2008-06-20,48.34,48.34,46.900002,46.939999,45.553265,5238900,0.0,0.0
2008-06-23,46.959999,47.119999,46.0,46.040001,44.679852,2864600,0.0,0.0
2008-06-24,46.0,46.720001,45.419998,46.139999,44.776894,3204700,0.0,0.0
2008-06-25,46.439999,46.610001,45.66,45.830002,44.476051,3657300,0.0,0.0
2008-06-26,45.5,45.849998,44.099998,44.389999,43.078587,6822100,0.0,0.0
2008-06-27,44.25,44.759998,43.459999,43.939999,42.64188,5402000,0.0,0.0
2008-06-30,45.099998,45.790001,44.07,44.43,43.117413,5421500,0.0,0.0
2008-07-01,44.119999,45.419998,43.98,45.419998,44.078156,4898300,0.0,0.0
2008-07-02,45.349998,45.549999,43.599998,43.619999,42.331348,4634800,0.0,0.0
2008-07-03,43.98,44.59,43.43,43.98,42.68071,2283600,0.0,0.0
2008-07-07,43.77,45.369999,43.77,44.380001,43.06889,4887400,0.0,0.0
2008-07-08,44.389999,46.360001,44.25,46.32,44.951576,4557500,0.0,0.0
2008-07-09,46.169998,46.450001,44.419998,44.470001,43.156227,4843600,0.0,0.0
2008-07-10,44.299999,45.709999,43.889999,45.150002,43.816147,4147400,0.0,0.0
2008-07-11,44.84,45.060001,43.130001,44.099998,42.797161,4868000,0.0,0.0
2008-07-14,44.310001,45.0,44.18,44.34,43.030075,2917600,0.0,0.0
2008-07-15,44.240002,44.900002,43.369999,44.560001,43.24358,6497800,0.0,0.0
2008-07-16,44.75,46.310001,44.599998,46.0,44.641037,5360700,0.0,0.0
2008-07-17,46.23,48.23,46.009998,47.860001,46.446075,7058800,0.0,0.0
2008-07-18,47.970001,48.700001,46.970001,48.459999,47.028362,5092600,0.0,0.0
2008-07-21,48.68,48.860001,47.98,48.150002,46.727516,4849100,0.0,0.0
2008-07-22,47.799999,48.560001,47.68,48.130001,46.708103,4451800,0.0,0.0
2008-07-23,48.41,49.360001,48.169998,49.07,47.620319,3257400,0.0,0.0
2008-07-24,49.099998,49.099998,47.0,47.220001,45.824989,4493500,0.0,0.0
2008-07-25,47.919998,48.369999,47.48,47.73,46.319923,4116500,0.0,0.0
2008-07-28,47.369999,47.950001,45.82,46.049999,44.689552,4958500,0.0,0.0
2008-07-29,46.650002,47.669998,45.919998,47.400002,45.999672,6517500,0.0,0.0
2008-07-30,44.060001,44.41,42.470001,44.290001,42.981541,14765900,0.0,0.0
2008-07-31,43.93,44.0,42.900002,43.18,41.904331,5297000,0.0,0.0
2008-08-01,43.470001,43.669998,42.509998,42.900002,41.632614,5138400,0.0,0.0
2008-08-04,42.560001,42.790001,41.169998,41.799999,40.565113,6454300,0.0,0.0
2008-08-05,42.220001,43.970001,42.119999,43.830002,42.535137,5806200,0.0,0.0
2008-08-06,43.299999,45.5,43.279999,45.48,44.136391,6092900,0.0,0.0
2008-08-07,45.400002,46.73,45.080002,45.98,44.62162,5838500,0.0,0.0
2008-08-08,46.25,47.18,45.790001,46.650002,45.271828,4436500,0.0,0.0
2008-08-11,46.700001,48.23,46.290001,47.52,46.116127,4044100,0.0,0.0
2008-08-12,47.32,48.990002,47.259998,48.57,47.135109,5195300,0.0,0.0
2008-08-13,48.16,48.709999,47.34,48.459999,47.028362,4820300,0.0,0.0
2008-08-14,48.0,49.27,47.799999,48.599998,47.164219,3817600,0.0,0.0
2008-08-15,48.470001,48.560001,46.68,48.240002,46.814857,5032900,0.0,0.0
2008-08-18,48.419998,48.970001,47.029999,47.759998,46.349026,3653200,0.0,0.0
2008-08-19,47.650002,47.919998,46.060001,46.43,45.058323,5090100,0.0,0.0
2008-08-20,46.669998,47.75,46.049999,47.060001,45.66972,4682400,0.0,0.0
2008-08-21,46.880001,47.099998,46.119999,46.939999,45.553265,2543400,0.0,0.0
2008-08-22,46.82,47.98,46.82,47.75,46.339325,2282100,0.0,0.0
2008-08-25,47.91,47.959999,46.689999,46.82,45.436806,2814500,0.0,0.0
2008-08-26,46.860001,47.84,46.779999,47.240002,45.844398,3055000,0.0,0.0
2008-08-27,47.040001,48.389999,47.02,48.040001,46.620762,2638500,0.0,0.0
2008-08-28,47.799999,49.610001,47.779999,48.880001,47.435959,3002500,0.0,0.0
2008-08-29,48.299999,48.919998,47.98,48.810001,47.368015,3056800,0.0,0.0
2008-09-02,49.66,50.169998,48.610001,48.970001,47.523285,4515300,0.0,0.0
2008-09-03,48.990002,49.18,46.950001,47.610001,46.203465,4531200,0.0,0.0
2008-09-04,47.450001,47.610001,46.0,46.0,44.641037,3740600,0.0,0.0
2008-09-05,45.740002,46.709999,45.07,46.48,45.106853,4785400,0.0,0.0
2008-09-08,45.650002,46.720001,44.939999,45.939999,44.582802,6113500,0.0,0.0
2008-09-09,46.130001,46.68,44.099998,44.209999,42.903908,6511600,0.0,0.0
2008-09-10,45.189999,45.950001,44.75,45.599998,44.25285,5434400,0.0,0.0
2008-09-11,45.290001,45.709999,44.57,45.560001,44.214024,4091700,0.0,0.0
2008-09-12,44.080002,45.200001,43.799999,44.990002,43.660873,4141700,0.0,0.0
2008-09-15,43.610001,44.5,42.720001,43.299999,42.020786,4940500,0.0,0.0
2008-09-16,43.419998,44.310001,42.189999,42.959999,41.690845,8043600,0.0,0.0
2008-09-17,42.549999,43.810001,41.0,41.040001,39.827553,8744900,0.0,0.0
2008-09-18,42.049999,43.869999,41.16,43.790001,42.496323,7713700,0.0,0.0
2008-09-19,45.080002,45.099998,41.84,43.419998,42.137238,9930900,0.0,0.0
2008-09-22,43.52,43.77,40.73,40.799999,39.59465,5500600,0.0,0.0
2008-09-23,41.139999,41.779999,39.32,40.060001,38.876514,5801500,0.0,0.0
2008-09-24,39.150002,40.150002,38.360001,39.459999,38.294243,6812100,0.0,0.0
2008-09-25,39.5,40.610001,39.07,39.23,38.071033,5289700,0.0,0.0
2008-09-26,38.77,39.77,38.5,39.630001,38.459217,7508100,0.0,0.0
2008-09-29,39.220001,39.560001,36.0,36.0,34.936459,6695100,0.0,0.0
2008-09-30,37.099998,37.5,35.099998,36.990002,35.897213,9531100,0.0,0.0
2008-10-01,36.66,36.759998,34.470001,34.970001,33.93689,6927700,0.0,0.0
2008-10-02,34.91,35.43,33.82,33.970001,32.966434,7870000,0.0,0.0
2008-10-03,34.669998,34.669998,32.240002,32.68,31.714539,11605800,0.0,0.0
2008-10-06,31.629999,32.360001,28.879999,30.809999,29.899788,10908600,0.0,0.0
2008-10-07,31.780001,32.040001,28.780001,29.110001,28.250008,8478100,0.0,0.0
2008-10-08,28.57,30.93,28.299999,28.99,28.133558,9524500,0.0,0.0
2008-10-09,29.209999,29.98,27.639999,27.799999,26.978706,6470700,0.0,0.0
2008-10-10,27.5,29.34,26.209999,27.99,27.163095,12733600,0.0,0.0
2008-10-13,28.98,31.52,28.870001,31.27,30.346199,7244400,0.0,0.0
2008-10-14,32.52,33.119999,29.41,29.629999,28.754646,7323900,0.0,0.0
2008-10-15,29.15,29.629999,26.450001,26.530001,25.746227,5273700,0.0,0.0
2008-10-16,27.51,27.52,24.559999,27.49,26.677864,8700600,0.0,0.0
2008-10-17,27.26,30.870001,26.98,29.790001,28.909916,8404500,0.0,0.0
2008-10-20,30.4,31.120001,28.889999,31.110001,30.190918,5382300,0.0,0.0
2008-10-21,30.299999,30.459999,28.16,28.18,27.347481,4550500,0.0,0.0
2008-10-22,28.08,28.23,25.91,26.74,25.950026,4460700,0.0,0.0
2008-10-23,26.59,27.76,25.299999,26.790001,25.998549,6187900,0.0,0.0
2008-10-24,24.959999,26.389999,24.75,24.77,24.038227,5676400,0.0,0.0
2008-10-27,24.49,24.74,22.73,22.799999,22.126425,6697300,0.0,0.0
2008-10-28,23.389999,26.809999,23.389999,26.620001,25.83357,7666300,0.0,0.0
2008-10-29,26.23,29.4,25.809999,28.040001,27.211626,7480300,0.0,0.0
2008-10-30,29.129999,29.26,26.5,27.73,26.910774,7332100,0.0,0.0
2008-10-31,23.860001,24.65,21.91,22.780001,22.107012,25463100,0.0,0.0
2008-11-03,22.99,23.59,22.799999,23.18,22.495195,8962700,0.0,0.0
2008-11-04,23.76,24.9,22.879999,23.4,22.708696,7799100,0.0,0.0
2008-11-05,23.49,24.0,22.35,22.370001,21.709126,8818900,0.0,0.0
2008-11-06,22.290001,22.809999,21.620001,22.209999,21.55385,7969100,0.0,0.0
2008-11-07,22.299999,23.870001,22.030001,23.559999,22.863964,5964200,0.0,0.0
2008-11-10,23.950001,23.950001,22.73,22.93,22.252579,4829100,0.0,0.0
2008-11-11,23.1,23.950001,22.700001,23.48,22.786333,5848600,0.0,0.0
2008-11-12,22.99,23.15,20.65,20.75,20.13699,9513100,0.0,0.0
2008-11-13,20.870001,22.309999,19.280001,22.219999,21.563555,9490300,0.0,0.0
2008-11-14,21.190001,21.190001,20.02,20.440001,19.836143,9320500,0.0,0.0
2008-11-17,20.469999,20.469999,19.26,19.299999,18.729824,4836600,0.0,0.0
2008-11-18,19.360001,19.68,17.950001,18.450001,17.904938,6439900,0.0,0.0
2008-11-19,17.99,18.610001,17.110001,17.110001,16.604523,6749100,0.0,0.0
2008-11-20,17.049999,18.85,16.559999,17.34,16.82773,11033700,0.0,0.0
2008-11-21,17.65,18.870001,16.870001,18.870001,18.312531,10740000,0.0,0.0
2008-11-24,18.15,20.66,18.02,20.43,19.826441,6768900,0.0,0.0
2008-11-25,20.5,20.9,18.309999,18.719999,18.166954,7384600,0.0,0.0
2008-11-26,18.65,21.0,18.51,20.01,19.41885,5725500,0.0,0.0
2008-11-28,19.73,19.9,18.959999,19.059999,18.496914,2114500,0.0,0.0
2008-12-01,18.59,18.92,17.76,17.77,17.245028,5453300,0.0,0.0
2008-12-02,17.82,19.049999,17.5,19.030001,18.467802,6579500,0.0,0.0
2008-12-03,18.629999,19.75,18.35,19.09,18.526028,9349200,0.0,0.0
2008-12-04,18.67,19.379999,18.42,18.75,18.196074,7147800,0.0,0.0
2008-12-05,18.040001,20.120001,18.040001,19.98,19.389738,6388600,0.0,0.0
2008-12-08,20.700001,22.049999,20.299999,21.870001,21.2239,8735900,0.0,0.0
2008-12-09,21.42,21.59,19.23,19.35,18.778341,10705600,0.0,0.0
2008-12-10,16.84,17.290001,15.5,17.0,16.497778,45204100,0.0,0.0
2008-12-11,17.24,18.1,16.73,17.01,16.507477,13765900,0.0,0.0
2008-12-12,16.65,17.85,16.57,17.01,16.507477,8383500,0.0,0.0
2008-12-15,17.09,17.34,16.1,16.299999,15.818455,5777100,0.0,0.0
2008-12-16,16.35,16.75,15.89,16.059999,15.585543,11449600,0.0,0.0
2008-12-17,16.0,17.459999,15.92,17.219999,16.711275,14391400,0.0,0.0
2008-12-18,16.57,17.41,16.41,16.76,16.264864,7688600,0.0,0.0
2008-12-19,16.799999,17.629999,16.75,17.389999,16.876255,9993100,0.0,0.0
2008-12-22,17.549999,17.549999,16.030001,16.379999,15.89609,7024200,0.0,0.0
2008-12-23,16.49,16.709999,15.56,15.85,15.381746,5666800,0.0,0.0
2008-12-24,15.7,15.96,15.65,15.8,15.333223,2045600,0.0,0.0
2008-12-26,15.82,15.88,15.01,15.32,14.867405,4842200,0.0,0.0
2008-12-29,15.31,15.39,14.79,15.12,14.673313,4421200,0.0,0.0
2008-12-30,15.1,15.59,14.96,15.34,14.886813,3894700,0.0,0.0
2008-12-31,15.23,16.16,15.22,16.040001,15.566133,5705800,0.0,0.0
2009-01-02,16.049999,17.52,15.98,17.440001,16.924778,5874000,0.0,0.0
2009-01-05,17.450001,17.68,16.58,16.700001,16.206633,8065000,0.0,0.0
2009-01-06,17.120001,18.629999,16.610001,18.559999,18.011684,17913900,0.0,0.0
2009-01-07,18.0,18.23,17.4,17.76,17.235321,9376200,0.0,0.0
2009-01-08,17.92,20.6,17.5,18.85,18.293119,9922900,0.0,0.0
2009-01-09,18.85,18.950001,17.68,17.790001,17.264429,7147800,0.0,0.0
2009-01-12,17.74,18.030001,17.219999,17.51,16.992706,4368600,0.0,0.0
2009-01-13,17.41,17.690001,16.940001,17.209999,16.701567,9160300,0.0,0.0
2009-01-14,16.959999,17.040001,16.27,16.67,16.177517,6337000,0.0,0.0
2009-01-15,16.51,17.370001,16.43,17.25,16.740383,11001600,0.0,0.0
2009-01-16,17.280001,17.860001,16.719999,17.530001,17.012115,8902900,0.0,0.0
2009-01-20,17.27,17.49,16.57,16.629999,16.138706,7776600,0.0,0.0
2009-01-21,16.91,17.59,16.639999,17.559999,17.041227,5732200,0.0,0.0
2009-01-22,17.469999,17.48,16.26,16.5,16.012543,6417100,0.0,0.0
2009-01-23,16.27,17.219999,16.01,16.950001,16.449249,7135300,0.0,0.0
2009-01-26,16.790001,17.139999,16.01,16.32,15.837863,6308500,0.0,0.0
2009-01-27,16.120001,16.790001,16.120001,16.49,16.002838,4936800,0.0,0.0
2009-01-28,16.799999,17.120001,16.610001,16.879999,16.381319,5805100,0.0,0.0
2009-01-29,16.290001,16.74,15.91,16.190001,15.7117,9374200,0.0,0.0
2009-01-30,16.309999,16.309999,15.4,15.44,14.983858,13189500,0.0,0.0
2009-02-02,15.2,15.37,14.66,14.86,14.420993,14379100,0.0,0.0
2009-02-03,14.75,15.79,14.24,15.5,15.042088,17998800,0.0,0.0
2009-02-04,16.299999,17.6,16.030001,17.27,16.759792,24359400,0.0,0.0
2009-02-05,17.1,18.940001,17.030001,18.700001,18.147551,19734000,0.0,0.0
2009-02-06,18.93,19.450001,18.700001,19.34,18.768641,13069600,0.0,0.0
2009-02-09,19.1,19.1,18.459999,18.58,18.031096,10132500,0.0,0.0
2009-02-10,18.450001,18.58,16.57,16.84,16.342495,16657000,0.0,0.0
2009-02-11,17.0,17.42,16.639999,17.030001,16.52688,11442200,0.0,0.0
2009-02-12,16.790001,16.98,16.379999,16.950001,16.449249,6179700,0.0,0.0
2009-02-13,17.049999,17.200001,16.690001,16.93,16.42984,6630000,0.0,0.0
2009-02-17,16.459999,16.74,16.16,16.450001,15.964018,7327700,0.0,0.0
2009-02-18,16.67,16.93,16.110001,16.530001,16.04166,6415300,0.0,0.0
2009-02-19,16.879999,17.08,16.190001,16.190001,15.7117,6641800,0.0,0.0
2009-02-20,16.030001,16.530001,15.95,16.379999,15.89609,9148400,0.0,0.0
2009-02-23,16.200001,16.77,15.93,16.02,15.546726,7110500,0.0,0.0
2009-02-24,16.059999,17.309999,16.059999,17.120001,16.614225,8448600,0.0,0.0
2009-02-25,16.709999,17.18,16.129999,16.75,16.255156,7031800,0.0,0.0
2009-02-26,16.780001,17.07,16.110001,16.129999,15.653474,4976900,0.0,0.0
2009-02-27,15.63,16.65,15.53,16.309999,15.828155,6646200,0.0,0.0
2009-03-02,15.84,16.309999,15.25,15.34,14.886813,6056100,0.0,0.0
2009-03-03,15.95,15.95,14.75,14.92,14.479218,9192800,0.0,0.0
2009-03-04,15.06,16.26,14.95,15.93,15.459385,7598000,0.0,0.0
2009-03-05,15.52,15.92,15.14,15.29,14.838288,6555300,0.0,0.0
2009-03-06,15.1,15.61,14.76,15.31,14.8577,9533700,0.0,0.0
2009-03-09,15.12,16.02,15.07,15.7,15.236176,6225400,0.0,0.0
2009-03-10,16.18,16.780001,15.74,16.73,16.235746,5393300,0.0,0.0
2009-03-11,16.82,17.66,16.57,17.51,16.992706,6185600,0.0,0.0
2009-03-12,17.26,18.049999,17.129999,18.0,17.468229,6562600,0.0,0.0
2009-03-13,17.629999,17.950001,17.33,17.76,17.235321,3813500,0.0,0.0
2009-03-16,17.799999,18.059999,17.309999,17.309999,16.798613,3972000,0.0,0.0
2009-03-17,17.309999,18.4,17.309999,18.379999,17.836998,5716000,0.0,0.0
2009-03-18,18.389999,19.059999,17.65,18.790001,18.234894,9831600,0.0,0.0
2009-03-19,18.99,19.43,18.469999,18.940001,18.380459,7923900,0.0,0.0
2009-03-20,18.450001,19.26,18.07,18.219999,17.68173,5455500,0.0,0.0
2009-03-23,18.299999,19.780001,18.299999,19.65,19.069487,5448000,0.0,0.0
2009-03-24,19.440001,19.74,19.139999,19.15,18.584251,3508200,0.0,0.0
2009-03-25,19.450001,19.75,18.34,18.99,18.42898,7489400,0.0,0.0
2009-03-26,19.209999,19.75,18.99,19.5,18.923914,6875500,0.0,0.0
2009-03-27,19.629999,19.629999,18.48,18.690001,18.137846,6346300,0.0,0.0
2009-03-30,18.33,18.450001,17.690001,18.18,17.64291,4904700,0.0,0.0
2009-03-31,18.15,18.57,17.780001,18.190001,17.652615,5683100,0.0,0.0
2009-04-01,17.65,18.700001,17.549999,18.389999,17.846704,4941800,0.0,0.0
2009-04-02,18.469999,20.049999,18.469999,19.450001,18.875395,7267500,0.0,0.0
2009-04-03,19.26,20.889999,19.26,20.700001,20.088469,7973700,0.0,0.0
2009-04-06,20.49,20.6,19.190001,19.690001,19.108305,7197100,0.0,0.0
2009-04-07,19.459999,19.780001,19.01,19.17,18.603664,6590500,0.0,0.0
2009-04-08,19.35,19.85,19.040001,19.620001,19.040371,7383900,0.0,0.0
2009-04-09,20.110001,20.32,19.389999,19.690001,19.108305,7096800,0.0,0.0
2009-04-13,20.1,20.110001,19.15,19.42,18.846277,4441100,0.0,0.0
2009-04-14,19.34,19.620001,18.68,18.77,18.215483,6108000,0.0,0.0
2009-04-15,18.639999,19.4,18.6,19.16,18.593956,7787500,0.0,0.0
2009-04-16,19.77,19.879999,18.49,19.0,18.438684,10591000,0.0,0.0
2009-04-17,18.940001,18.940001,18.1,18.620001,18.069912,11465300,0.0,0.0
2009-04-20,18.1,18.620001,17.48,17.76,17.235321,7678500,0.0,0.0
2009-04-21,18.049999,19.290001,18.0,19.190001,18.623075,10126600,0.0,0.0
2009-04-22,18.84,20.139999,18.790001,19.25,18.681301,9413700,0.0,0.0
2009-04-23,19.290001,19.48,18.549999,19.389999,18.817165,5600200,0.0,0.0
2009-04-24,19.49,20.120001,19.01,19.969999,19.380028,6235000,0.0,0.0
2009-04-27,19.540001,20.34,19.32,19.969999,19.380028,6652400,0.0,0.0
2009-04-28,19.6,21.219999,19.59,20.32,19.71969,13552300,0.0,0.0
2009-04-29,20.6,21.129999,20.25,20.450001,19.845846,8355500,0.0,0.0
2009-04-30,20.690001,21.120001,20.27,20.35,19.748804,9386800,0.0,0.0
2009-05-01,20.35,20.67,19.49,20.0,19.409142,9925400,0.0,0.0
2009-05-04,20.15,21.24,20.049999,21.040001,20.418419,9360800,0.0,0.0
2009-05-05,21.58,22.0,21.0,21.379999,20.748373,11831000,0.0,0.0
2009-05-06,21.639999,22.02,19.870001,20.32,19.71969,14920100,0.0,0.0
2009-05-07,20.209999,20.379999,19.370001,19.459999,18.885096,7779800,0.0,0.0
2009-05-08,19.549999,20.309999,19.450001,20.18,19.583826,6833300,0.0,0.0
2009-05-11,19.73,20.65,19.66,20.17,19.57412,6496900,0.0,0.0
2009-05-12,20.25,20.549999,19.76,20.110001,19.515898,6309200,0.0,0.0
2009-05-13,19.77,20.02,19.48,19.48,18.904505,7063400,0.0,0.0
2009-05-14,19.52,20.450001,19.43,20.08,19.486778,7769200,0.0,0.0
2009-05-15,19.950001,21.610001,19.950001,21.030001,20.408714,14516900,0.0,0.0
2009-05-18,21.030001,21.719999,21.01,21.530001,20.893944,6824000,0.0,0.0
2009-05-19,21.34,22.450001,20.5,22.07,21.417988,7913600,0.0,0.0
2009-05-20,22.15,23.23,21.98,22.08,21.427696,9953300,0.0,0.0
2009-05-21,21.4,22.25,21.379999,22.01,21.359762,6690700,0.0,0.0
2009-05-22,22.07,22.370001,21.49,21.9,21.253016,4541300,0.0,0.0
2009-05-26,21.620001,22.700001,21.360001,22.440001,21.777061,6268800,0.0,0.0
2009-05-27,22.33,22.690001,22.1,22.139999,21.485924,5219400,0.0,0.0
2009-05-28,21.809999,22.959999,21.549999,22.32,21.660612,7006800,0.0,0.0
2009-05-29,21.91,23.040001,21.860001,22.99,22.31081,8188200,0.0,0.0
2009-06-01,23.68,23.76,23.07,23.459999,22.766922,8072900,0.0,0.0
2009-06-02,23.25,23.639999,23.02,23.1,22.417566,5802300,0.0,0.0
2009-06-03,22.93,23.440001,22.52,22.969999,22.291401,8071800,0.0,0.0
2009-06-04,23.110001,23.41,22.73,23.129999,22.446671,5362000,0.0,0.0
2009-06-05,23.469999,23.469999,22.48,23.0,22.320518,4183300,0.0,0.0
2009-06-08,22.99,22.99,21.790001,22.17,21.515038,8390200,0.0,0.0
2009-06-09,22.51,22.74,21.940001,22.0,21.350058,7166600,0.0,0.0
2009-06-10,22.040001,22.35,21.530001,21.959999,21.311243,10106300,0.0,0.0
2009-06-11,21.940001,22.34,21.74,21.870001,21.2239,6032400,0.0,0.0
2009-06-12,21.799999,22.040001,21.6,21.93,21.282125,5139200,0.0,0.0
2009-06-15,21.65,21.85,21.200001,21.370001,20.73867,5966300,0.0,0.0
2009-06-16,21.15,21.790001,20.799999,20.799999,20.185507,5604300,0.0,0.0
2009-06-17,21.0,21.26,20.68,20.83,20.214624,7022500,0.0,0.0
2009-06-18,20.790001,20.889999,20.24,20.52,19.913776,6211200,0.0,0.0
2009-06-19,20.459999,20.91,20.459999,20.719999,20.107876,7715700,0.0,0.0
2009-06-22,20.43,20.549999,19.91,19.969999,19.380028,6242100,0.0,0.0
2009-06-23,19.99,20.49,19.85,20.42,19.816734,10453600,0.0,0.0
2009-06-24,20.1,21.059999,20.1,20.940001,20.321375,6951500,0.0,0.0
2009-06-25,20.629999,21.049999,20.360001,21.049999,20.428122,5866300,0.0,0.0
2009-06-26,20.879999,21.360001,20.809999,20.9,20.282557,5404500,0.0,0.0
2009-06-29,20.91,21.129999,20.58,20.809999,20.195219,3535300,0.0,0.0
2009-06-30,21.68,22.09,21.34,21.719999,21.078329,11538900,0.0,0.0
2009-07-01,21.98,22.42,21.75,21.940001,21.291838,5486100,0.0,0.0
2009-07-02,21.870001,21.940001,21.030001,21.4,20.76778,6155700,0.0,0.0
2009-07-06,21.459999,21.76,20.9,21.16,20.534872,3730700,0.0,0.0
2009-07-07,21.049999,21.35,20.25,20.25,19.651756,5841200,0.0,0.0
2009-07-08,20.33,20.639999,19.959999,20.26,19.661463,6159600,0.0,0.0
2009-07-09,20.780001,21.049999,20.67,20.809999,20.195219,5833500,0.0,0.0
2009-07-10,20.65,21.17,20.65,20.969999,20.350483,4824500,0.0,0.0
2009-07-13,20.969999,21.540001,20.58,21.48,20.845423,5762600,0.0,0.0
2009-07-14,21.190001,21.48,21.030001,21.17,20.54458,4907900,0.0,0.0
2009-07-15,21.309999,21.610001,21.139999,21.4,20.76778,6938300,0.0,0.0
2009-07-16,21.27,21.52,21.040001,21.450001,20.816307,5725600,0.0,0.0
2009-07-17,21.549999,21.549999,20.790001,20.93,20.311666,8070600,0.0,0.0
2009-07-20,20.83,21.43,20.73,21.42,20.787195,6112300,0.0,0.0
2009-07-21,21.559999,21.99,21.389999,21.98,21.330648,7172700,0.0,0.0
2009-07-22,21.76,22.120001,21.59,21.82,21.175373,5260000,0.0,0.0
2009-07-23,21.59,22.120001,21.530001,21.67,21.02981,7760800,0.0,0.0
2009-07-24,21.59,21.59,20.85,21.16,20.534872,8371300,0.0,0.0
2009-07-27,21.24,21.49,20.49,20.73,20.117573,9332000,0.0,0.0
2009-07-28,20.77,21.129999,20.6,21.1,20.476645,5658700,0.0,0.0
2009-07-29,20.879999,21.08,20.65,20.75,20.13699,4557300,0.0,0.0
2009-07-30,21.24,21.629999,20.889999,21.129999,20.50576,6381900,0.0,0.0
2009-07-31,21.030001,21.77,21.02,21.469999,20.835716,7125700,0.0,0.0
2009-08-03,21.59,21.9,21.139999,21.549999,20.913355,6902500,0.0,0.0
2009-08-04,21.57,22.139999,21.35,21.889999,21.243307,13073000,0.0,0.0
2009-08-05,21.23,21.41,20.08,20.4,19.797325,22454600,0.0,0.0
2009-08-06,20.49,20.77,20.25,20.690001,20.078758,9153600,0.0,0.0
2009-08-07,20.91,21.0,20.5,20.709999,20.098167,9760200,0.0,0.0
2009-08-10,20.58,20.85,20.559999,20.74,20.127287,5664000,0.0,0.0
2009-08-11,20.610001,20.83,20.200001,20.34,19.739098,6693500,0.0,0.0
2009-08-12,20.379999,21.35,20.379999,21.1,20.476645,8911400,0.0,0.0
2009-08-13,21.34,21.34,20.719999,21.049999,20.428122,5100700,0.0,0.0
2009-08-14,20.93,21.530001,20.9,21.290001,20.66103,7411400,0.0,0.0
2009-08-17,20.879999,20.879999,19.559999,19.57,18.991848,13082600,0.0,0.0
2009-08-18,19.6,19.91,19.25,19.5,18.923914,17405200,0.0,0.0
2009-08-19,19.51,19.6,18.620001,19.09,18.526028,16211900,0.0,0.0
2009-08-20,18.969999,19.370001,18.950001,19.25,18.681301,7083400,0.0,0.0
2009-08-21,19.469999,19.780001,19.1,19.440001,18.865685,5417100,0.0,0.0
2009-08-24,19.440001,19.75,19.129999,19.450001,18.875395,5635900,0.0,0.0
2009-08-25,19.379999,19.559999,18.700001,18.85,18.293119,9146500,0.0,0.0
2009-08-26,18.92,19.200001,18.799999,19.1,18.535734,5348900,0.0,0.0
2009-08-27,19.0,19.17,18.66,19.0,18.438684,4864500,0.0,0.0
2009-08-28,19.129999,19.200001,18.6,18.76,18.205776,9465400,0.0,0.0
2009-08-31,18.309999,18.5,18.030001,18.219999,17.68173,10338600,0.0,0.0
2009-09-01,18.120001,18.549999,17.74,17.82,17.293554,10025700,0.0,0.0
2009-09-02,18.09,18.290001,17.700001,18.209999,17.672024,9544000,0.0,0.0
2009-09-03,18.67,18.67,17.950001,18.09,17.555573,5455600,0.0,0.0
2009-09-04,18.51,18.52,18.110001,18.51,17.963161,3698500,0.0,0.0
2009-09-08,18.9,19.02,18.549999,18.93,18.370756,6871900,0.0,0.0
2009-09-09,18.950001,19.01,18.4,18.530001,17.982571,8580400,0.0,0.0
2009-09-10,18.139999,18.34,17.950001,18.049999,17.51675,15279500,0.0,0.0
2009-09-11,17.92,18.32,17.68,18.18,17.64291,14316800,0.0,0.0
2009-09-14,18.32,18.43,17.99,18.110001,17.574982,8967000,0.0,0.0
2009-09-15,18.280001,18.309999,17.719999,18.049999,17.51675,15848200,0.0,0.0
2009-09-16,18.4,19.01,18.209999,18.85,18.293119,15227600,0.0,0.0
2009-09-17,18.940001,19.200001,18.57,18.74,18.186369,6680800,0.0,0.0
2009-09-18,18.809999,18.940001,18.43,18.709999,18.157249,6511700,0.0,0.0
2009-09-21,18.549999,19.110001,18.280001,18.34,17.798185,7310100,0.0,0.0
2009-09-22,18.389999,18.67,18.26,18.52,17.972868,6613000,0.0,0.0
2009-09-23,18.549999,20.33,18.549999,19.83,19.244167,29218300,0.0,0.0
2009-09-24,19.24,19.440001,19.01,19.290001,18.720119,11812000,0.0,0.0
2009-09-25,19.27,19.610001,19.09,19.459999,18.885096,8800100,0.0,0.0
2009-09-28,19.549999,19.799999,19.200001,19.280001,18.710413,7302100,0.0,0.0
2009-09-29,19.389999,19.530001,19.09,19.139999,18.574547,6904900,0.0,0.0
2009-09-30,19.299999,19.469999,18.93,19.049999,18.487209,6800200,0.0,0.0
2009-10-01,19.030001,19.09,18.459999,18.459999,17.914639,6158800,0.0,0.0
2009-10-02,18.32,18.690001,18.25,18.32,17.778776,8115200,0.0,0.0
2009-10-05,18.43,18.93,18.34,18.67,18.118433,6081400,0.0,0.0
2009-10-06,18.9,19.27,18.73,19.219999,18.652187,8193100,0.0,0.0
2009-10-07,19.299999,20.139999,19.26,20.0,19.409142,9303500,0.0,0.0
2009-10-08,20.09,20.690001,19.780001,20.629999,20.020529,10458700,0.0,0.0
2009-10-09,20.610001,20.700001,20.08,20.41,19.80703,6309000,0.0,0.0
2009-10-12,20.35,20.85,20.35,20.58,19.972012,5955200,0.0,0.0
2009-10-13,20.4,21.0,20.360001,20.77,20.156393,6017200,0.0,0.0
2009-10-14,20.93,21.049999,20.809999,20.91,20.292257,5364300,0.0,0.0
2009-10-15,20.67,21.049999,20.17,20.35,19.748804,10435300,0.0,0.0
2009-10-16,20.17,20.74,20.120001,20.559999,19.952597,6155600,0.0,0.0
2009-10-19,20.67,20.99,20.530001,20.83,20.214624,3977500,0.0,0.0
2009-10-20,20.379999,20.6,19.74,19.969999,19.380028,10378000,0.0,0.0
2009-10-21,19.809999,20.27,19.690001,19.73,19.147121,6923300,0.0,0.0
2009-10-22,19.719999,19.959999,19.309999,19.959999,19.370323,8402400,0.0,0.0
2009-10-23,20.17,20.35,19.530001,19.709999,19.127707,4845100,0.0,0.0
2009-10-26,19.709999,19.969999,19.4,19.469999,18.894806,4759700,0.0,0.0
2009-10-27,19.469999,19.73,18.790001,18.950001,18.390162,9807100,0.0,0.0
2009-10-28,18.950001,18.959999,18.440001,18.52,17.972868,8663700,0.0,0.0
2009-10-29,18.700001,18.809999,18.42,18.700001,18.147551,4331600,0.0,0.0
2009-10-30,18.66,18.93,18.120001,18.24,17.701134,10324100,0.0,0.0
2009-11-02,18.25,18.4,17.9,18.01,17.477932,13953300,0.0,0.0
2009-11-03,17.870001,18.049999,17.57,17.77,17.245028,17473700,0.0,0.0
2009-11-04,17.790001,18.120001,17.700001,17.73,17.206207,10982800,0.0,0.0
2009-11-05,17.969999,18.41,17.940001,18.16,17.623501,5731000,0.0,0.0
2009-11-06,18.25,19.129999,18.16,19.0,18.438684,11027800,0.0,0.0
2009-11-09,19.34,19.68,19.07,19.530001,18.953028,13472200,0.0,0.0
2009-11-10,18.33,18.450001,17.77,18.290001,17.749662,20858100,0.0,0.0
2009-11-11,18.370001,18.5,18.18,18.450001,17.904938,7792400,0.0,0.0
2009-11-12,18.49,18.5,18.17,18.219999,17.68173,10079900,0.0,0.0
2009-11-13,18.219999,18.389999,18.049999,18.16,17.623501,7244200,0.0,0.0
2009-11-16,18.059999,18.32,18.01,18.049999,17.51675,7857700,0.0,0.0
2009-11-17,18.1,18.17,17.57,17.85,17.322659,10202000,0.0,0.0
2009-11-18,17.860001,17.98,17.620001,17.67,17.147974,5735800,0.0,0.0
2009-11-19,17.65,17.799999,17.32,17.43,16.91507,6598500,0.0,0.0
2009-11-20,17.24,17.549999,17.15,17.299999,16.788912,6454000,0.0,0.0
2009-11-23,17.459999,17.559999,17.18,17.25,16.740383,5545500,0.0,0.0
2009-11-24,17.17,17.35,16.99,17.059999,16.555996,7539100,0.0,0.0
2009-11-25,17.120001,17.549999,17.120001,17.51,16.992706,6170400,0.0,0.0
2009-11-27,17.139999,17.219999,16.959999,17.01,16.507477,3128900,0.0,0.0
2009-11-30,16.99,17.09,16.74,16.889999,16.39102,5593500,0.0,0.0
2009-12-01,16.950001,17.139999,16.790001,16.98,16.478367,5865400,0.0,0.0
2009-12-02,16.99,17.15,16.76,16.85,16.3522,6490900,0.0,0.0
2009-12-03,16.870001,17.139999,16.549999,16.549999,16.061066,4754300,0.0,0.0
2009-12-04,16.66,16.719999,16.02,16.200001,15.721409,11898800,0.0,0.0
2009-12-07,16.200001,16.35,16.1,16.200001,15.721409,6151500,0.0,0.0
2009-12-08,16.040001,16.450001,15.96,16.360001,15.876683,8950000,0.0,0.0
2009-12-09,16.379999,16.41,15.86,16.360001,15.876683,12205100,0.0,0.0
2009-12-10,16.379999,16.6,16.360001,16.440001,15.954315,6722200,0.0,0.0
2009-12-11,16.4,16.5,15.99,16.110001,15.634065,6645900,0.0,0.0
2009-12-14,16.209999,16.450001,16.129999,16.43,15.944611,4242200,0.0,0.0
2009-12-15,16.549999,16.879999,16.42,16.459999,15.973725,6247800,0.0,0.0
2009-12-16,16.48,16.99,16.48,16.790001,16.293982,6992500,0.0,0.0
2009-12-17,16.620001,16.84,16.49,16.51,16.022249,6908600,0.0,0.0
2009-12-18,16.74,16.9,16.639999,16.719999,16.226044,7865700,0.0,0.0
2009-12-21,16.860001,16.950001,16.559999,16.860001,16.361906,5239100,0.0,0.0
2009-12-22,16.82,17.1,16.73,17.07,16.565701,3798000,0.0,0.0
2009-12-23,17.0,17.77,17.0,17.709999,17.186794,6802500,0.0,0.0
2009-12-24,17.77,17.98,17.700001,17.98,17.44882,2163500,0.0,0.0
2009-12-28,17.950001,17.98,17.82,17.9,17.371183,3285600,0.0,0.0
2009-12-29,17.91,17.98,17.709999,17.92,17.390591,3084300,0.0,0.0
2009-12-30,17.74,18.280001,17.74,18.219999,17.68173,5954000,0.0,0.0
2009-12-31,18.26,18.26,17.73,17.75,17.225615,3866500,0.0,0.0
2010-01-04,17.99,18.24,17.889999,18.15,17.613802,3850500,0.0,0.0
2010-01-05,18.309999,18.870001,18.23,18.66,18.108734,6632500,0.0,0.0
2010-01-06,18.610001,18.65,18.059999,18.18,17.64291,5047300,0.0,0.0
2010-01-07,17.91,18.07,17.780001,18.040001,17.507046,5433200,0.0,0.0
2010-01-08,18.18,18.450001,18.030001,18.4,17.856409,4055600,0.0,0.0
2010-01-11,18.469999,18.700001,18.129999,18.27,17.730255,6142400,0.0,0.0
2010-01-12,16.74,17.139999,16.559999,16.85,16.3522,31920900,0.0,0.0
2010-01-13,16.85,17.219999,16.73,17.17,16.662746,14347600,0.0,0.0
2010-01-14,17.1,17.34,16.98,17.18,16.672455,9110400,0.0,0.0
2010-01-15,17.209999,17.290001,16.950001,17.030001,16.52688,9530400,0.0,0.0
2010-01-19,16.9,17.219999,16.879999,17.17,16.662746,7651400,0.0,0.0
2010-01-20,16.99,17.24,16.620001,17.209999,16.701567,8092800,0.0,0.0
2010-01-21,17.290001,17.57,17.129999,17.379999,16.86655,12834900,0.0,0.0
2010-01-22,17.25,17.299999,16.700001,16.77,16.274569,8718600,0.0,0.0
2010-01-25,16.9,17.17,16.67,16.83,16.332792,7703100,0.0,0.0
2010-01-26,16.75,16.959999,16.66,16.74,16.245451,6189100,0.0,0.0
2010-01-27,16.65,17.219999,16.65,17.129999,16.623928,10947600,0.0,0.0
2010-01-28,17.110001,17.299999,16.42,16.77,16.274569,12769100,0.0,0.0
2010-01-29,16.91,17.09,16.26,16.280001,15.799046,7559700,0.0,0.0
2010-02-01,16.52,16.74,16.32,16.74,16.245451,6576700,0.0,0.0
2010-02-02,16.73,17.129999,16.57,17.07,16.565701,8118000,0.0,0.0
2010-02-03,16.92,17.32,16.790001,17.27,16.759792,6417200,0.0,0.0
2010-02-04,17.18,17.18,16.82,16.98,16.478367,7194600,0.0,0.0
2010-02-05,16.85,17.33,16.83,17.26,16.750092,10278500,0.0,0.0
2010-02-08,17.379999,17.860001,17.01,17.49,16.973299,16170700,0.0,0.0
2010-02-09,16.040001,16.280001,15.7,15.96,15.488498,47398100,0.0,0.0
2010-02-10,16.040001,16.120001,15.75,15.94,15.469088,13675500,0.0,0.0
2010-02-11,15.87,16.200001,15.85,16.120001,15.643768,8684100,0.0,0.0
2010-02-12,16.0,16.27,15.92,16.059999,15.585543,8433000,0.0,0.0
2010-02-16,16.139999,16.5,16.030001,16.309999,15.828155,7442600,0.0,0.0
2010-02-17,16.450001,16.66,16.379999,16.629999,16.138706,9097200,0.0,0.0
2010-02-18,16.51,16.809999,16.5,16.59,16.099888,5232700,0.0,0.0
2010-02-19,16.540001,16.870001,16.49,16.75,16.255156,8940100,0.0,0.0
2010-02-22,16.790001,16.950001,16.33,16.59,16.099888,7470800,0.0,0.0
2010-02-23,16.59,16.68,16.219999,16.309999,15.828155,5673100,0.0,0.0
2010-02-24,16.41,16.58,16.33,16.52,16.031954,3758900,0.0,0.0
2010-02-25,16.26,16.58,16.219999,16.559999,16.070766,6468700,0.0,0.0
2010-02-26,16.41,16.690001,16.379999,16.58,16.090183,5745500,0.0,0.0
2010-03-01,16.73,16.91,16.629999,16.870001,16.371609,5876000,0.0,0.0
2010-03-02,16.93,17.049999,16.690001,16.74,16.245451,5983900,0.0,0.0
2010-03-03,16.82,16.950001,16.76,16.809999,16.313387,3319500,0.0,0.0
2010-03-04,16.790001,16.85,16.65,16.82,16.32309,4501100,0.0,0.0
2010-03-05,16.9,17.200001,16.85,17.120001,16.614225,5398600,0.0,0.0
2010-03-08,17.129999,17.549999,17.110001,17.280001,16.769499,6267100,0.0,0.0
2010-03-09,17.27,17.809999,17.23,17.58,17.060638,13646200,0.0,0.0
2010-03-10,17.540001,17.950001,17.540001,17.889999,17.361479,7334200,0.0,0.0
2010-03-11,17.83,17.93,17.709999,17.9,17.371183,6244000,0.0,0.0
2010-03-12,17.92,17.92,17.629999,17.77,17.245028,4571800,0.0,0.0
2010-03-15,17.76,17.92,17.58,17.870001,17.342068,3721700,0.0,0.0
2010-03-16,17.92,17.93,17.65,17.92,17.390591,6721000,0.0,0.0
2010-03-17,17.940001,18.290001,17.879999,18.139999,17.604092,5719000,0.0,0.0
2010-03-18,18.17,18.74,18.17,18.530001,17.982571,10611700,0.0,0.0
2010-03-19,18.700001,18.719999,18.25,18.42,17.87582,7823100,0.0,0.0
2010-03-22,18.379999,18.629999,18.280001,18.559999,18.011684,4891200,0.0,0.0
2010-03-23,18.540001,18.700001,18.440001,18.52,17.972868,4378000,0.0,0.0
2010-03-24,18.43,18.57,18.34,18.530001,17.982571,4998600,0.0,0.0
2010-03-25,18.68,18.98,18.549999,18.559999,18.011684,4655500,0.0,0.0
2010-03-26,18.6,18.879999,18.5,18.85,18.293119,5822200,0.0,0.0
2010-03-29,18.9,18.99,18.610001,18.68,18.128143,3019500,0.0,0.0
2010-03-30,18.639999,18.92,18.459999,18.790001,18.234894,4569600,0.0,0.0
2010-03-31,18.66,18.73,18.559999,18.66,18.108734,4220500,0.0,0.0
2010-04-01,18.639999,18.950001,18.59,18.84,18.283415,3481400,0.0,0.0
2010-04-05,18.950001,19.16,18.879999,19.1,18.535734,2815500,0.0,0.0
2010-04-06,19.1,19.219999,18.85,19.110001,18.545437,4045000,0.0,0.0
2010-04-07,19.209999,19.24,18.92,19.18,18.613371,3707600,0.0,0.0
2010-04-08,19.110001,19.27,18.889999,19.190001,18.623075,3209600,0.0,0.0
2010-04-09,19.16,19.49,19.16,19.360001,18.788052,5426800,0.0,0.0
2010-04-12,19.26,19.65,19.26,19.4,18.82687,5170600,0.0,0.0
2010-04-13,19.42,19.450001,19.139999,19.32,18.749228,3536200,0.0,0.0
2010-04-14,19.34,19.790001,19.32,19.74,19.156824,6958600,0.0,0.0
2010-04-15,20.0,20.01,19.43,19.450001,18.875395,7064200,0.0,0.0
2010-04-16,19.58,19.83,19.379999,19.57,18.991848,6340200,0.0,0.0
2010-04-19,19.48,19.790001,19.459999,19.709999,19.127707,4242800,0.0,0.0
2010-04-20,19.74,20.040001,19.68,19.969999,19.380028,3951600,0.0,0.0
2010-04-21,19.91,19.950001,19.549999,19.75,19.166533,3946500,0.0,0.0
2010-04-22,19.6,19.889999,19.389999,19.84,19.253868,3157100,0.0,0.0
2010-04-23,19.9,20.059999,19.57,19.969999,19.380028,4102400,0.0,0.0
2010-04-26,19.950001,20.059999,19.780001,19.9,19.312101,3012700,0.0,0.0
2010-04-27,19.91,20.24,19.719999,19.77,19.185942,6267300,0.0,0.0
2010-04-28,19.84,19.92,19.549999,19.629999,19.050076,4515100,0.0,0.0
2010-04-29,19.75,19.870001,19.620001,19.799999,19.21505,2975100,0.0,0.0
2010-04-30,19.809999,19.809999,19.370001,19.370001,18.79775,3977300,0.0,0.0
2010-05-03,19.43,19.74,19.370001,19.719999,19.137413,3496200,0.0,0.0
2010-05-04,19.51,19.540001,18.91,19.07,18.506618,6700800,0.0,0.0
2010-05-05,19.389999,19.610001,19.059999,19.299999,18.729824,10251500,0.0,0.0
2010-05-06,19.27,19.290001,17.049999,18.18,17.64291,19743400,0.0,0.0
2010-05-07,18.08,18.790001,17.5,17.629999,17.109159,20256900,0.0,0.0
2010-05-10,18.52,18.719999,17.950001,18.24,17.701134,11774700,0.0,0.0
2010-05-11,18.440001,19.129999,18.360001,18.799999,18.244596,16953600,0.0,0.0
2010-05-12,17.85,18.209999,17.549999,17.709999,17.186794,21366400,0.0,0.0
2010-05-13,17.639999,18.34,17.59,18.09,17.555573,10053500,0.0,0.0
2010-05-14,17.76,17.889999,17.23,17.42,16.905365,12073400,0.0,0.0
2010-05-17,17.33,17.83,17.209999,17.76,17.235321,7510800,0.0,0.0
2010-05-18,17.889999,18.09,17.41,17.540001,17.021818,7304000,0.0,0.0
2010-05-19,17.549999,17.549999,17.059999,17.120001,16.614225,6915400,0.0,0.0
2010-05-20,16.809999,16.940001,16.33,16.370001,15.886386,8753800,0.0,0.0
2010-05-21,16.120001,16.84,16.07,16.700001,16.206633,10463100,0.0,0.0
2010-05-24,16.6,16.709999,16.26,16.280001,15.799046,6894700,0.0,0.0
2010-05-25,15.94,16.280001,15.83,16.24,15.760224,9440600,0.0,0.0
2010-05-26,16.34,16.82,16.209999,16.26,15.779634,6246800,0.0,0.0
2010-05-27,16.549999,16.74,16.52,16.719999,16.226044,3832600,0.0,0.0
2010-05-28,16.629999,16.67,16.32,16.51,16.022249,3976800,0.0,0.0
2010-06-01,16.23,16.620001,16.059999,16.09,15.614658,4917700,0.0,0.0
2010-06-02,16.200001,16.450001,16.059999,16.370001,15.886386,5212000,0.0,0.0
2010-06-03,16.540001,16.790001,16.360001,16.73,16.235746,4381700,0.0,0.0
2010-06-04,16.33,16.549999,15.77,15.81,15.342928,8270900,0.0,0.0
2010-06-07,15.81,16.030001,15.34,15.36,14.906222,8390300,0.0,0.0
2010-06-08,15.52,15.55,15.21,15.49,15.032382,9869700,0.0,0.0
2010-06-09,15.59,15.68,15.17,15.21,14.760654,5147500,0.0,0.0
2010-06-10,15.5,15.95,15.37,15.92,15.449678,5223900,0.0,0.0
2010-06-11,15.71,16.370001,15.69,16.32,15.837863,7047800,0.0,0.0
2010-06-14,16.469999,16.57,16.1,16.360001,15.876683,6737800,0.0,0.0
2010-06-15,16.540001,16.629999,16.08,16.309999,15.828155,6392600,0.0,0.0
2010-06-16,16.25,16.299999,15.76,16.01,15.53702,8181300,0.0,0.0
2010-06-17,16.059999,16.290001,16.0,16.17,15.692293,5267200,0.0,0.0
2010-06-18,16.16,16.18,15.93,16.030001,15.556433,4864200,0.0,0.0
2010-06-21,16.120001,16.309999,15.72,15.78,15.313814,4565600,0.0,0.0
2010-06-22,15.75,15.84,15.29,15.32,14.867405,5334400,0.0,0.0
2010-06-23,15.33,15.48,15.17,15.29,14.838288,5233500,0.0,0.0
2010-06-24,15.25,15.34,15.02,15.04,14.595678,5411100,0.0,0.0
2010-06-25,15.06,15.21,14.84,15.14,14.69272,7173700,0.0,0.0
2010-06-28,15.22,15.23,14.92,15.09,14.644197,5391100,0.0,0.0
2010-06-29,14.86,15.01,14.5,14.65,14.217196,12869800,0.0,0.0
2010-06-30,14.62,14.8,14.37,14.4,13.974582,9358500,0.0,0.0
2010-07-01,14.34,14.5,14.06,14.33,13.906651,8927600,0.0,0.0
2010-07-02,14.41,14.73,14.3,14.6,14.168673,5770700,0.0,0.0
2010-07-06,14.76,14.79,14.32,14.43,14.003696,5367300,0.0,0.0
2010-07-07,14.42,14.95,14.35,14.95,14.508334,3845900,0.0,0.0
2010-07-08,14.97,15.06,14.55,14.76,14.323949,4982700,0.0,0.0
2010-07-09,14.82,14.94,14.74,14.84,14.401586,3065400,0.0,0.0
2010-07-12,14.78,14.97,14.7,14.81,14.372471,2911100,0.0,0.0
2010-07-13,14.93,15.21,14.91,15.14,14.69272,3951300,0.0,0.0
2010-07-14,15.2,15.45,15.15,15.38,14.925632,4127600,0.0,0.0
2010-07-15,15.37,15.53,15.11,15.49,15.032382,4981300,0.0,0.0
2010-07-16,15.49,15.5,14.78,14.79,14.35306,5501300,0.0,0.0
2010-07-19,14.6,15.11,14.6,15.09,14.644197,3883200,0.0,0.0
2010-07-20,14.81,15.37,14.72,15.36,14.906222,4980400,0.0,0.0
2010-07-21,15.4,15.4,14.8,14.87,14.430698,3924900,0.0,0.0
2010-07-22,14.99,15.71,14.93,15.59,15.129428,4735300,0.0,0.0
2010-07-23,15.48,15.89,15.42,15.88,15.41086,4524100,0.0,0.0
2010-07-26,15.86,16.4,15.83,16.389999,15.905791,4327100,0.0,0.0
2010-07-27,16.42,16.59,16.33,16.52,16.031954,3739300,0.0,0.0
2010-07-28,16.309999,16.51,16.040001,16.16,15.68259,2763900,0.0,0.0
2010-07-29,16.209999,16.379999,15.68,16.01,15.53702,4110500,0.0,0.0
2010-07-30,15.88,16.07,15.61,15.93,15.459385,3533400,0.0,0.0
2010-08-02,16.129999,16.549999,16.0,16.5,16.012543,5479700,0.0,0.0
2010-08-03,16.41,16.469999,15.99,16.18,15.701997,8178300,0.0,0.0
2010-08-04,16.799999,17.530001,16.68,17.379999,16.86655,17011000,0.0,0.0
2010-08-05,17.299999,17.42,17.049999,17.23,16.720976,3678700,0.0,0.0
2010-08-06,16.959999,17.15,16.48,17.07,16.565701,6591400,0.0,0.0
2010-08-09,17.18,17.290001,17.07,17.15,16.643341,3755400,0.0,0.0
2010-08-10,16.99,16.99,16.540001,16.709999,16.216341,4518900,0.0,0.0
2010-08-11,16.4,16.459999,16.0,16.08,15.604952,7091300,0.0,0.0
2010-08-12,15.81,15.95,15.67,15.76,15.294403,3260500,0.0,0.0
2010-08-13,15.67,15.93,15.67,15.67,15.207065,3102900,0.0,0.0
2010-08-16,15.58,16.18,15.48,16.049999,15.575838,5026500,0.0,0.0
2010-08-17,16.17,16.379999,16.02,16.15,15.672883,3830600,0.0,0.0
2010-08-18,16.07,16.389999,15.84,16.33,15.847565,4722600,0.0,0.0
2010-08-19,16.25,16.32,15.85,16.07,15.595248,4671900,0.0,0.0
2010-08-20,15.97,16.07,15.6,15.79,15.323517,4935200,0.0,0.0
2010-08-23,15.83,15.97,15.43,15.46,15.003268,3195100,0.0,0.0
2010-08-24,15.32,15.32,15.02,15.03,14.585971,5293100,0.0,0.0
2010-08-25,14.92,15.34,14.67,15.3,14.847992,6537000,0.0,0.0
2010-08-26,15.33,15.59,15.25,15.27,14.81888,5094300,0.0,0.0
2010-08-27,15.5,15.64,15.08,15.55,15.090609,4565100,0.0,0.0
2010-08-30,15.46,15.68,15.27,15.28,14.828586,3574700,0.0,0.0
2010-08-31,14.84,15.34,14.84,15.23,14.780064,10499200,0.0,0.0
2010-09-01,15.48,16.120001,15.48,16.110001,15.634065,6926700,0.0,0.0
2010-09-02,15.99,16.41,15.9,16.360001,15.876683,3653900,0.0,0.0
2010-09-03,16.59,16.870001,16.4,16.459999,15.973725,3793500,0.0,0.0
2010-09-07,16.309999,16.48,16.030001,16.059999,15.585543,2899200,0.0,0.0
2010-09-08,16.15,16.34,15.89,16.25,15.76993,4000900,0.0,0.0
2010-09-09,16.51,16.530001,16.18,16.280001,15.799046,2034500,0.0,0.0
2010-09-10,16.34,16.540001,16.190001,16.24,15.760224,2478500,0.0,0.0
2010-09-13,16.389999,16.59,16.33,16.530001,16.04166,3104500,0.0,0.0
2010-09-14,16.469999,16.780001,16.450001,16.709999,16.216341,4063400,0.0,0.0
2010-09-15,16.58,16.719999,16.469999,16.639999,16.148409,2523000,0.0,0.0
2010-09-16,16.66,16.73,16.17,16.379999,15.89609,3073400,0.0,0.0
2010-09-17,16.5,16.5,16.190001,16.26,15.779634,4078600,0.0,0.0
2010-09-20,16.299999,16.51,16.23,16.35,15.866974,5008700,0.0,0.0
2010-09-21,16.309999,16.440001,16.17,16.290001,15.80875,3114600,0.0,0.0
2010-09-22,16.280001,16.440001,16.110001,16.15,15.672883,3346500,0.0,0.0
2010-09-23,15.95,16.309999,15.91,16.16,15.68259,4170000,0.0,0.0
2010-09-24,16.32,16.59,16.290001,16.459999,15.973725,3376100,0.0,0.0
2010-09-27,16.41,16.690001,16.4,16.57,16.080481,2610100,0.0,0.0
2010-09-28,16.290001,16.66,16.209999,16.549999,16.061066,4340000,0.0,0.0
2010-09-29,16.48,16.57,16.120001,16.23,15.750519,3017400,0.0,0.0
2010-09-30,16.42,16.75,16.24,16.450001,15.964018,6043200,0.0,0.0
2010-10-01,16.6,16.780001,16.42,16.440001,15.954315,3364400,0.0,0.0
2010-10-04,16.389999,17.200001,16.379999,16.959999,16.458956,7112200,0.0,0.0
2010-10-05,17.110001,18.059999,17.110001,17.82,17.293554,10597800,0.0,0.0
2010-10-06,17.77,17.84,17.280001,17.41,16.89566,5951000,0.0,0.0
2010-10-07,17.549999,17.68,17.23,17.58,17.060638,5170500,0.0,0.0
2010-10-08,17.58,17.75,17.41,17.65,17.128571,3396100,0.0,0.0
2010-10-11,17.65,17.93,17.33,17.66,17.138275,3843300,0.0,0.0
2010-10-12,17.6,17.76,16.459999,16.610001,16.119289,18523200,0.0,0.0
2010-10-13,16.690001,16.860001,16.360001,16.76,16.264864,9328700,0.0,0.0
2010-10-14,16.719999,16.98,16.450001,16.52,16.031954,5695800,0.0,0.0
2010-10-15,16.66,16.66,15.77,15.96,15.488498,11433700,0.0,0.0
2010-10-18,15.87,16.0,15.69,15.77,15.30411,6283600,0.0,0.0
2010-10-19,15.6,15.73,15.43,15.58,15.119723,5806800,0.0,0.0
2010-10-20,15.58,15.72,15.3,15.4,14.945041,7554600,0.0,0.0
2010-10-21,15.42,15.8,15.37,15.57,15.110018,4976800,0.0,0.0
2010-10-22,15.57,15.68,15.46,15.61,15.148837,2607800,0.0,0.0
2010-10-25,15.67,15.8,15.59,15.62,15.158543,3850200,0.0,0.0
2010-10-26,15.52,15.88,15.46,15.81,15.342928,3710300,0.0,0.0
2010-10-27,15.76,15.81,15.55,15.79,15.323517,3946800,0.0,0.0
2010-10-28,15.85,15.88,15.53,15.63,15.168247,4011400,0.0,0.0
2010-10-29,15.6,15.9,15.56,15.83,15.362336,4095500,0.0,0.0
2010-11-01,15.82,15.95,15.69,15.8,15.333223,3982000,0.0,0.0
2010-11-02,15.92,16.23,15.84,16.200001,15.721409,10297000,0.0,0.0
2010-11-03,16.0,16.09,15.25,15.5,15.042088,17193400,0.0,0.0
2010-11-04,15.71,15.85,15.34,15.85,15.381746,9435000,0.0,0.0
2010-11-05,15.87,16.389999,15.6,16.34,15.857269,8193400,0.0,0.0
2010-11-08,16.309999,16.57,16.120001,16.530001,16.04166,6150300,0.0,0.0
2010-11-09,16.620001,16.67,16.32,16.34,15.857269,6142700,0.0,0.0
2010-11-10,16.35,16.389999,16.040001,16.18,15.701997,6168600,0.0,0.0
2010-11-11,16.09,16.120001,15.85,16.0,15.527317,5326300,0.0,0.0
2010-11-12,15.84,16.0,15.63,15.83,15.362336,5551200,0.0,0.0
2010-11-15,15.92,15.93,15.61,15.68,15.216768,4173800,0.0,0.0
2010-11-16,15.51,15.71,15.32,15.39,14.935338,5854400,0.0,0.0
2010-11-17,15.38,15.5,15.29,15.42,14.964451,2780500,0.0,0.0
2010-11-18,15.57,15.69,15.52,15.54,15.080904,2762200,0.0,0.0
2010-11-19,15.49,15.57,15.31,15.35,14.896519,3352700,0.0,0.0
2010-11-22,15.39,15.53,15.33,15.41,14.954745,4593300,0.0,0.0
2010-11-23,15.28,15.28,14.83,14.85,14.411292,6757100,0.0,0.0
2010-11-24,14.91,15.13,14.77,14.98,14.537447,4335100,0.0,0.0
2010-11-26,14.92,15.07,14.82,14.82,14.382176,1463800,0.0,0.0
2010-11-29,14.81,15.1,14.67,15.01,14.566564,4993900,0.0,0.0
2010-11-30,14.85,14.99,14.7,14.91,14.469518,6051600,0.0,0.0
2010-12-01,15.06,15.25,14.96,15.05,14.605382,4001900,0.0,0.0
2010-12-02,15.02,15.17,14.9,15.08,14.634492,3757100,0.0,0.0
2010-12-03,15.06,15.2,14.97,15.18,14.731541,2840000,0.0,0.0
2010-12-06,15.16,15.44,15.03,15.43,14.974155,4729700,0.0,0.0
2010-12-07,15.61,15.65,15.3,15.51,15.051791,6318900,0.0,0.0
2010-12-08,15.54,15.76,15.49,15.75,15.2847,6250000,0.0,0.0
2010-12-09,15.79,15.98,15.69,15.75,15.2847,6850600,0.0,0.0
2010-12-10,15.8,15.88,15.68,15.82,15.352633,3115000,0.0,0.0
2010-12-13,15.85,15.9,15.73,15.76,15.294403,3487800,0.0,0.0
2010-12-14,15.77,15.87,15.65,15.79,15.323517,3670400,0.0,0.0
2010-12-15,15.77,15.82,15.63,15.71,15.24588,4393600,0.0,0.0
2010-12-16,15.69,15.88,15.41,15.87,15.401155,4366900,0.0,0.0
2010-12-17,15.89,15.93,15.81,15.91,15.439974,5273800,0.0,0.0
2010-12-20,15.91,15.97,15.84,15.85,15.381746,3854100,0.0,0.0
2010-12-21,15.89,15.98,15.85,15.93,15.459385,2449000,0.0,0.0
2010-12-22,15.93,16.15,15.88,15.98,15.507906,5999000,0.0,0.0
2010-12-23,15.99,16.030001,15.92,15.94,15.469088,1952900,0.0,0.0
2010-12-27,15.9,16.17,15.81,16.129999,15.653474,2498400,0.0,0.0
2010-12-28,16.120001,16.209999,16.030001,16.15,15.672883,1687300,0.0,0.0
2010-12-29,16.200001,16.58,16.15,16.549999,16.061066,4800700,0.0,0.0
2010-12-30,16.549999,16.66,16.450001,16.620001,16.129002,2429600,0.0,0.0
2010-12-31,16.59,16.639999,16.17,16.379999,15.89609,4571200,0.0,0.0
2011-01-03,16.5,16.549999,16.219999,16.379999,15.89609,5643700,0.0,0.0
2011-01-04,16.389999,16.549999,16.33,16.379999,15.89609,3379100,0.0,0.0
2011-01-05,16.309999,16.549999,16.219999,16.280001,15.799046,5312000,0.0,0.0
2011-01-06,16.299999,16.469999,16.08,16.23,15.750519,4779300,0.0,0.0
2011-01-07,16.27,16.280001,15.97,16.049999,15.575838,3853600,0.0,0.0
2011-01-10,16.02,16.08,15.84,16.01,15.53702,5726100,0.0,0.0
2011-01-11,16.16,16.17,15.76,16.0,15.527317,4850700,0.0,0.0
2011-01-12,16.07,16.110001,15.92,16.030001,15.556433,6902600,0.0,0.0
2011-01-13,16.02,16.16,15.92,16.040001,15.566133,5722400,0.0,0.0
2011-01-14,15.94,15.99,15.5,15.95,15.478792,9191100,0.0,0.0
2011-01-18,15.9,16.1,15.89,16.0,15.527317,4525400,0.0,0.0
2011-01-19,15.92,16.07,15.81,15.84,15.372042,4398300,0.0,0.0
2011-01-20,15.74,15.91,15.58,15.76,15.294403,3971200,0.0,0.0
2011-01-21,15.76,15.78,15.12,15.13,14.683016,10497600,0.0,0.0
2011-01-24,15.06,15.43,15.0,15.29,14.838288,5943900,0.0,0.0
2011-01-25,15.29,15.4,15.14,15.38,14.925632,3250100,0.0,0.0
2011-01-26,15.4,15.5,15.28,15.34,14.886813,3407000,0.0,0.0
2011-01-27,15.3,15.4,15.06,15.08,14.634492,4182800,0.0,0.0
2011-01-28,15.13,15.26,14.8,15.0,14.556857,6476500,0.0,0.0
2011-01-31,15.01,15.59,15.0,15.59,15.129428,8707500,0.0,0.0
2011-02-01,15.58,15.98,15.27,15.62,15.158543,14463400,0.0,0.0
2011-02-02,17.25,18.200001,16.23,18.09,17.555573,43990200,0.0,0.0
2011-02-03,17.799999,18.190001,17.440001,18.110001,17.574982,14102000,0.0,0.0
2011-02-04,18.01,18.389999,17.889999,18.23,17.691431,7617000,0.0,0.0
2011-02-07,18.200001,18.370001,18.059999,18.280001,17.739956,5535000,0.0,0.0
2011-02-08,18.27,18.35,18.040001,18.299999,17.759365,3830200,0.0,0.0
2011-02-09,18.219999,18.49,17.92,18.030001,17.497339,8071900,0.0,0.0
2011-02-10,17.950001,18.33,17.809999,18.200001,17.662319,7184600,0.0,0.0
2011-02-11,18.09,18.34,18.0,18.209999,17.672024,5252900,0.0,0.0
2011-02-14,18.23,18.559999,18.190001,18.4,17.856409,3758000,0.0,0.0
2011-02-15,18.299999,18.549999,18.24,18.530001,17.982571,3778500,0.0,0.0
2011-02-16,18.6,20.200001,18.59,18.93,18.370756,16810000,0.0,0.0
2011-02-17,18.93,19.65,18.870001,19.360001,18.788052,8064100,0.0,0.0
2011-02-18,19.379999,19.690001,19.17,19.280001,18.710413,5856300,0.0,0.0
2011-02-22,19.059999,19.26,18.85,18.870001,18.312531,5494700,0.0,0.0
2011-02-23,18.91,19.139999,18.360001,18.860001,18.302822,11198800,0.0,0.0
2011-02-24,18.77,19.040001,18.65,18.799999,18.244596,4532300,0.0,0.0
2011-02-25,18.98,19.379999,18.959999,19.18,18.613371,3520500,0.0,0.0
2011-02-28,19.15,19.18,18.66,18.799999,18.244596,5585100,0.0,0.0
2011-03-01,18.870001,19.0,18.389999,18.4,17.856409,5274600,0.0,0.0
2011-03-02,18.450001,18.91,18.440001,18.709999,18.157249,4260800,0.0,0.0
2011-03-03,18.889999,19.23,18.85,18.959999,18.39987,5323200,0.0,0.0
2011-03-04,18.93,19.0,18.370001,18.790001,18.234894,5422800,0.0,0.0
2011-03-07,18.82,18.950001,18.26,18.450001,17.904938,6825900,0.0,0.0
2011-03-08,18.530001,19.0,18.389999,18.75,18.196074,4518700,0.0,0.0
2011-03-09,18.66,18.76,18.450001,18.620001,18.069912,2724200,0.0,0.0
2011-03-10,18.459999,18.59,18.129999,18.530001,17.982571,4444700,0.0,0.0
2011-03-11,18.42,18.6,18.18,18.540001,17.992279,3820600,0.0,0.0
2011-03-14,18.34,18.629999,18.1,18.6,18.050501,4769100,0.0,0.0
2011-03-15,18.09,18.469999,18.07,18.370001,17.827295,5520000,0.0,0.0
2011-03-16,18.27,18.6,18.15,18.209999,17.672024,8157700,0.0,0.0
2011-03-17,18.43,18.74,18.280001,18.67,18.118433,6131600,0.0,0.0
2011-03-18,18.84,18.9,18.440001,18.59,18.0408,8189400,0.0,0.0
2011-03-21,18.799999,19.17,18.74,18.940001,18.380459,4824000,0.0,0.0
2011-03-22,18.940001,19.07,18.73,18.82,18.264006,4219900,0.0,0.0
2011-03-23,18.74,19.15,18.620001,19.1,18.535734,7811800,0.0,0.0
2011-03-24,19.139999,19.99,19.139999,19.84,19.253868,6859400,0.0,0.0
2011-03-25,19.83,19.9,19.540001,19.700001,19.118008,3704600,0.0,0.0
2011-03-28,19.709999,19.950001,19.66,19.709999,19.127707,3459600,0.0,0.0
2011-03-29,19.700001,19.809999,19.49,19.66,19.079189,3362900,0.0,0.0
2011-03-30,19.75,19.85,19.6,19.68,19.0986,3296000,0.0,0.0
2011-03-31,19.67,19.780001,19.4,19.530001,18.953028,3862000,0.0,0.0
2011-04-01,19.700001,20.0,19.610001,19.73,19.147121,5693200,0.0,0.0
2011-04-04,19.74,19.889999,19.549999,19.690001,19.108305,3590000,0.0,0.0
2011-04-05,19.639999,20.290001,19.59,20.030001,19.438257,6911700,0.0,0.0
2011-04-06,20.02,20.370001,19.99,20.25,19.651756,5056500,0.0,0.0
2011-04-07,20.18,20.459999,20.09,20.25,19.651756,3121700,0.0,0.0
2011-04-08,20.379999,20.52,19.719999,19.860001,19.273281,4536900,0.0,0.0
2011-04-11,19.92,20.08,19.629999,19.85,19.263575,3777000,0.0,0.0
2011-04-12,19.709999,19.790001,19.58,19.74,19.156824,4186200,0.0,0.0
2011-04-13,19.799999,20.190001,19.74,19.889999,19.302399,4645400,0.0,0.0
2011-04-14,19.77,20.030001,19.639999,19.950001,19.36062,3352300,0.0,0.0
2011-04-15,19.99,20.17,19.76,20.129999,19.535303,3775200,0.0,0.0
2011-04-18,19.879999,19.940001,19.559999,19.870001,19.28299,5033200,0.0,0.0
2011-04-19,19.870001,20.02,19.84,19.99,19.399443,3994300,0.0,0.0
2011-04-20,20.25,20.52,20.129999,20.5,19.894371,4900800,0.0,0.0
2011-04-21,20.549999,20.68,20.35,20.41,19.80703,2593600,0.0,0.0
2011-04-25,20.48,20.719999,20.4,20.540001,19.933191,2622800,0.0,0.0
2011-04-26,20.360001,20.51,20.129999,20.23,19.632349,8800000,0.0,0.0
2011-04-27,20.26,20.26,19.91,20.24,19.642054,5143200,0.0,0.0
2011-04-28,20.25,20.549999,20.139999,20.49,19.884668,4100000,0.0,0.0
2011-04-29,20.49,20.719999,20.16,20.18,19.583826,5710300,0.0,0.0
2011-05-02,20.139999,20.450001,19.860001,20.299999,19.700277,5406100,0.0,0.0
2011-05-03,20.290001,20.73,19.950001,20.16,19.564415,3500000,0.0,0.0
2011-05-04,20.190001,20.309999,19.5,19.92,19.331507,7049900,0.0,0.0
2011-05-05,20.85,21.719999,20.629999,21.68,21.039515,18000000,0.0,0.0
2011-05-06,21.68,22.17,21.379999,21.75,21.107441,7552400,0.0,0.0
2011-05-09,21.75,22.23,21.690001,22.040001,21.38888,5603600,0.0,0.0
2011-05-10,22.09,22.879999,21.969999,22.76,22.087606,7405700,0.0,0.0
2011-05-11,22.65,22.98,22.33,22.610001,21.942039,5600000,0.0,0.0
2011-05-12,22.6,23.09,22.440001,22.879999,22.20406,4200000,0.0,0.0
2011-05-13,22.92,24.049999,22.92,23.700001,22.999836,10671300,0.0,0.0
2011-05-16,23.559999,23.68,23.1,23.110001,22.427267,5474700,0.0,0.0
2011-05-17,23.110001,23.690001,23.09,23.379999,22.689289,5705200,0.0,0.0
2011-05-18,23.24,23.85,23.23,23.719999,23.019243,3411000,0.0,0.0
2011-05-19,23.690001,23.950001,23.59,23.780001,23.077471,3651500,0.0,0.0
2011-05-20,23.709999,23.889999,23.440001,23.639999,22.941605,4462300,0.0,0.0
2011-05-23,23.360001,23.469999,23.07,23.35,22.660179,3200000,0.0,0.0
2011-05-24,23.440001,23.59,23.07,23.190001,22.504906,2889100,0.0,0.0
2011-05-25,23.190001,23.780001,23.1,23.75,23.048359,3687900,0.0,0.0
2011-05-26,23.620001,23.790001,23.41,23.57,22.873676,5872900,0.0,0.0
2011-05-27,23.6,23.959999,23.57,23.9,23.193918,3046800,0.0,0.0
2011-05-31,24.0,24.5,23.77,24.41,23.688862,6078800,0.0,0.0
2011-06-01,24.440001,24.790001,24.25,24.42,23.698565,6238300,0.0,0.0
2011-06-02,24.389999,24.67,24.190001,24.24,23.523884,5486800,0.0,0.0
2011-06-03,24.139999,24.58,23.950001,24.030001,23.320091,7042600,0.0,0.0
2011-06-06,23.950001,24.32,23.709999,23.799999,23.096884,4173800,0.0,0.0
2011-06-07,23.82,23.85,23.08,23.35,22.660179,6671200,0.0,0.0
2011-06-08,23.280001,23.35,22.639999,22.719999,22.048782,6670300,0.0,0.0
2011-06-09,22.83,23.17,22.549999,23.1,22.417566,3535100,0.0,0.0
2011-06-10,22.969999,23.200001,22.780001,22.809999,22.136127,4097900,0.0,0.0
2011-06-13,22.83,23.02,22.75,22.790001,22.116718,4084900,0.0,0.0
2011-06-14,22.950001,23.27,22.799999,23.200001,22.514606,4802200,0.0,0.0
2011-06-15,22.959999,23.389999,22.67,22.719999,22.048782,6933800,0.0,0.0
2011-06-16,22.73,22.860001,22.209999,22.42,21.757648,4558000,0.0,0.0
2011-06-17,22.74,22.799999,22.200001,22.24,21.582972,5059900,0.0,0.0
2011-06-20,22.23,22.5,22.200001,22.360001,21.699423,2706000,0.0,0.0
2011-06-21,22.5,22.809999,22.190001,22.68,22.009972,4099500,0.0,0.0
2011-06-22,22.59,22.790001,22.49,22.540001,21.874102,2346000,0.0,0.0
2011-06-23,22.27,22.27,21.469999,21.9,21.253016,10723800,0.0,0.0
2011-06-24,21.870001,21.9,21.610001,21.77,21.12685,5020700,0.0,0.0
2011-06-27,21.780001,21.879999,21.6,21.709999,21.068619,4815200,0.0,0.0
2011-06-28,21.82,22.58,21.73,22.549999,21.883806,5983900,0.0,0.0
2011-06-29,22.48,23.940001,22.48,23.610001,22.912495,8716700,0.0,0.0
2011-06-30,23.610001,23.719999,23.33,23.6,22.902788,4357400,0.0,0.0
2011-07-01,23.57,24.200001,23.4,24.190001,23.475361,4909800,0.0,0.0
2011-07-05,24.25,24.84,24.15,24.32,23.601519,5074400,0.0,0.0
2011-07-06,24.33,24.549999,24.219999,24.35,23.630632,4112700,0.0,0.0
2011-07-07,24.59,24.93,24.48,24.83,24.096453,3795200,0.0,0.0
2011-07-08,24.58,25.049999,24.49,25.049999,24.30995,4278400,0.0,0.0
2011-07-11,24.959999,24.969999,24.26,24.389999,23.669449,3675000,0.0,0.0
2011-07-12,24.4,24.57,24.129999,24.17,23.455952,5341500,0.0,0.0
2011-07-13,23.35,24.49,23.33,23.91,23.203634,13961900,0.0,0.0
2011-07-14,23.49,23.76,23.190001,23.51,22.815449,9365800,0.0,0.0
2011-07-15,23.629999,23.77,23.42,23.6,22.902788,10622700,0.0,0.0
2011-07-18,23.549999,23.66,23.309999,23.610001,22.912495,5615300,0.0,0.0
2011-07-19,23.799999,24.24,23.799999,24.1,23.38802,9271600,0.0,0.0
2011-07-20,24.200001,24.200001,23.84,24.01,23.300682,9361600,0.0,0.0
2011-07-21,24.040001,24.129999,23.77,23.889999,23.184221,8658700,0.0,0.0
2011-07-22,23.940001,24.049999,23.889999,23.93,23.223038,7363400,0.0,0.0
2011-07-25,23.85,24.33,23.66,24.07,23.3589,6434600,0.0,0.0
2011-07-26,24.190001,24.200001,23.719999,23.809999,23.106585,7072200,0.0,0.0
2011-07-27,24.370001,24.370001,22.860001,22.969999,22.291401,15212700,0.0,0.0
2011-07-28,22.91,23.059999,22.52,22.559999,21.893511,4959400,0.0,0.0
2011-07-29,22.379999,22.639999,22.049999,22.25,21.59267,5121100,0.0,0.0
2011-08-01,22.4,22.459999,21.76,21.950001,21.30154,6053600,0.0,0.0
2011-08-02,21.780001,22.190001,21.200001,21.209999,20.583393,8069300,0.0,0.0
2011-08-03,21.18,21.4,20.719999,21.34,20.70956,6667500,0.0,0.0
2011-08-04,21.040001,21.139999,20.139999,20.15,19.554716,9517000,0.0,0.0
2011-08-05,20.290001,20.49,19.030001,20.0,19.409142,11431300,0.0,0.0
2011-08-08,19.530001,19.690001,18.15,18.15,17.613802,10353800,0.0,0.0
2011-08-09,18.27,18.639999,17.58,18.6,18.050501,14181900,0.0,0.0
2011-08-10,18.26,18.26,17.52,17.620001,17.099457,13769500,0.0,0.0
2011-08-11,18.280001,19.379999,18.040001,19.15,18.584251,15250500,0.0,0.0
2011-08-12,19.129999,19.940001,18.75,19.93,19.341215,11047500,0.0,0.0
2011-08-15,19.950001,20.389999,19.790001,20.26,19.661463,5443500,0.0,0.0
2011-08-16,20.110001,20.24,19.67,20.02,19.428555,4605500,0.0,0.0
2011-08-17,20.139999,20.41,19.530001,19.91,19.321802,6311900,0.0,0.0
2011-08-18,19.34,19.389999,18.41,18.870001,18.312531,7530300,0.0,0.0
2011-08-19,18.530001,19.82,18.5,19.309999,18.739531,10294200,0.0,0.0
2011-08-22,19.68,19.940001,19.440001,19.6,19.02096,6435900,0.0,0.0
2011-08-23,19.66,20.309999,19.07,20.309999,19.70999,5556000,0.0,0.0
2011-08-24,20.23,20.43,19.84,20.34,19.739098,3385500,0.0,0.0
2011-08-25,20.440001,20.51,19.98,20.4,19.797325,6045100,0.0,0.0
2011-08-26,20.27,21.620001,20.26,21.5,20.864828,11468700,0.0,0.0
2011-08-29,21.780001,22.690001,21.68,22.280001,21.62179,8212900,0.0,0.0
2011-08-30,22.18,23.0,22.02,22.559999,21.893511,8506800,0.0,0.0
2011-08-31,22.370001,22.780001,22.32,22.58,21.912922,8981000,0.0,0.0
2011-09-01,22.530001,22.799999,21.93,21.959999,21.311243,6858200,0.0,0.0
2011-09-02,21.73,22.129999,21.16,21.99,21.340355,6580600,0.0,0.0
2011-09-06,21.379999,22.0,21.040001,21.889999,21.243307,6488700,0.0,0.0
2011-09-07,22.15,22.73,22.15,22.549999,21.883806,18505900,0.0,0.0
2011-09-08,22.469999,22.5,21.93,22.08,21.427696,9258000,0.0,0.0
2011-09-09,21.82,21.959999,21.049999,21.360001,20.728962,10049200,0.0,0.0
2011-09-12,21.190001,22.17,21.1,22.07,21.417988,10463200,0.0,0.0
2011-09-13,22.190001,22.200001,21.709999,22.110001,21.456812,10782000,0.0,0.0
2011-09-14,22.24,23.0,22.09,22.68,22.009972,9510700,0.0,0.0
2011-09-15,23.0,23.059999,22.540001,22.969999,22.291401,8231000,0.0,0.0
2011-09-16,22.98,23.139999,22.700001,23.01,22.330219,8892700,0.0,0.0
2011-09-19,22.67,23.0,22.469999,22.870001,22.194359,6827800,0.0,0.0
2011-09-20,22.93,23.57,22.74,22.91,22.233179,6805500,0.0,0.0
2011-09-21,23.0,23.309999,21.940001,21.950001,21.30154,8919800,0.0,0.0
2011-09-22,21.290001,21.389999,20.459999,20.76,20.14669,9932100,0.0,0.0
2011-09-23,20.709999,21.370001,20.52,21.25,20.622217,6838100,0.0,0.0
2011-09-26,21.51,22.08,21.190001,21.76,21.117151,9952500,0.0,0.0
2011-09-27,22.17,22.360001,21.799999,21.92,21.272423,11540200,0.0,0.0
2011-09-28,22.129999,22.219999,20.969999,21.01,20.389301,6451000,0.0,0.0
2011-09-29,21.389999,21.65,20.07,20.620001,20.010828,8118400,0.0,0.0
2011-09-30,20.42,20.99,20.33,20.450001,19.845846,6719700,0.0,0.0
2011-10-03,20.379999,20.799999,19.76,19.76,19.176233,6540000,0.0,0.0
2011-10-04,19.48,20.27,18.99,20.27,19.671167,7875900,0.0,0.0
2011-10-05,20.309999,21.01,20.07,20.959999,20.340782,9052100,0.0,0.0
2011-10-06,21.0,22.559999,20.85,22.559999,21.893511,12454200,0.0,0.0
2011-10-07,22.549999,22.700001,22.18,22.379999,21.718836,7138400,0.0,0.0
2011-10-10,22.73,23.59,22.25,23.59,22.893089,7346800,0.0,0.0
2011-10-11,23.49,23.85,23.23,23.51,22.815449,5622000,0.0,0.0
2011-10-12,23.719999,23.99,23.5,23.73,23.028952,5890300,0.0,0.0
2011-10-13,23.639999,23.879999,23.34,23.83,23.125994,5663100,0.0,0.0
2011-10-14,24.09,24.540001,23.940001,24.540001,23.815023,4776700,0.0,0.0
2011-10-17,24.370001,24.6,23.75,23.83,23.125994,4614800,0.0,0.0
2011-10-18,24.07,24.790001,23.790001,24.51,23.785906,6890900,0.0,0.0
2011-10-19,24.389999,24.59,23.57,23.620001,22.922199,6168000,0.0,0.0
2011-10-20,23.5,23.790001,22.809999,23.41,22.718403,7175600,0.0,0.0
2011-10-21,23.620001,24.16,23.280001,23.58,22.883377,8178000,0.0,0.0
2011-10-24,23.870001,24.950001,23.870001,24.940001,24.203203,7332800,0.0,0.0
2011-10-25,24.73,24.860001,24.26,24.469999,23.747087,7056900,0.0,0.0
2011-10-26,24.91,24.93,23.74,24.389999,23.669449,8355500,0.0,0.0
2011-10-27,25.0,25.280001,23.82,24.5,23.776197,18728200,0.0,0.0
2011-10-28,23.559999,24.879999,23.559999,24.1,23.38802,9402800,0.0,0.0
2011-10-31,23.870001,23.870001,23.190001,23.35,22.660179,6439600,0.0,0.0
2011-11-01,22.540001,23.02,22.27,22.459999,21.796469,8688500,0.0,0.0
2011-11-02,22.85,23.66,22.76,23.48,22.786333,8774500,0.0,0.0
2011-11-03,23.76,24.51,23.33,24.379999,23.659744,12895700,0.0,0.0
2011-11-04,24.129999,26.129999,23.870001,25.200001,24.455523,15199000,0.0,0.0
2011-11-07,25.110001,25.200001,24.18,24.49,23.766495,6393700,0.0,0.0
2011-11-08,24.65,24.91,23.870001,24.24,23.523884,8699300,0.0,0.0
2011-11-09,23.68,23.77,22.98,23.030001,22.349632,4660300,0.0,0.0
2011-11-10,23.33,23.950001,23.33,23.57,22.873676,7451700,0.0,0.0
2011-11-11,23.790001,24.08,23.639999,23.9,23.193918,5149300,0.0,0.0
2011-11-14,23.74,24.07,23.48,23.75,23.048359,4649200,0.0,0.0
2011-11-15,23.639999,23.940001,23.34,23.809999,23.106585,4425600,0.0,0.0
2011-11-16,23.719999,24.0,22.99,23.059999,22.37874,5683800,0.0,0.0
2011-11-17,22.959999,22.99,22.18,22.32,21.660612,6129400,0.0,0.0
2011-11-18,22.450001,22.469999,21.92,21.99,21.340355,4241700,0.0,0.0
2011-11-21,21.559999,21.790001,20.889999,21.629999,20.99098,7018500,0.0,0.0
2011-11-22,21.57,22.110001,21.4,21.860001,21.214191,3928100,0.0,0.0
2011-11-23,21.58,21.67,20.940001,20.940001,20.321375,4047000,0.0,0.0
2011-11-25,20.879999,21.209999,20.82,20.83,20.214624,2277400,0.0,0.0
2011-11-28,21.98,22.440001,21.51,22.09,21.437399,7876500,0.0,0.0
2011-11-29,22.15,22.209999,21.52,21.690001,21.049213,5002100,0.0,0.0
2011-11-30,22.48,23.209999,22.440001,23.190001,22.504906,7960900,0.0,0.0
2011-12-01,23.1,23.799999,23.1,23.33,22.640764,7345500,0.0,0.0
2011-12-02,23.58,23.799999,22.950001,23.0,22.320518,4790600,0.0,0.0
2011-12-05,23.4,23.5,22.59,22.73,22.058489,8257700,0.0,0.0
2011-12-06,22.85,23.41,22.66,23.15,22.466082,7343100,0.0,0.0
2011-12-07,23.02,23.08,22.299999,22.59,21.922628,6718000,0.0,0.0
2011-12-08,22.52,22.549999,21.459999,21.49,20.855125,7848400,0.0,0.0
2011-12-09,21.620001,22.049999,21.219999,21.99,21.340355,5365000,0.0,0.0
2011-12-12,21.82,21.92,21.34,21.68,21.039515,3436700,0.0,0.0
2011-12-13,21.76,22.0,20.75,20.860001,20.243734,6699400,0.0,0.0
2011-12-14,20.790001,20.879999,20.26,20.34,19.739098,6654900,0.0,0.0
2011-12-15,20.639999,21.07,20.610001,20.92,20.301964,6385800,0.0,0.0
2011-12-16,21.129999,21.52,20.120001,20.23,19.632349,11655100,0.0,0.0
2011-12-19,20.35,20.549999,19.77,19.85,19.263575,5483300,0.0,0.0
2011-12-20,20.07,20.629999,19.959999,20.57,19.962301,3389900,0.0,0.0
2011-12-21,20.76,21.0,20.17,20.299999,19.700277,3922100,0.0,0.0
2011-12-22,20.299999,20.49,20.01,20.299999,19.700277,3468700,0.0,0.0
2011-12-23,20.4,20.719999,20.17,20.709999,20.098167,2235500,0.0,0.0
2011-12-27,20.809999,21.25,20.66,21.01,20.389301,5774300,0.0,0.0
2011-12-28,21.030001,21.27,20.49,20.540001,19.933191,3363200,0.0,0.0
2011-12-29,20.59,20.91,20.370001,20.860001,20.243734,2296700,0.0,0.0
2011-12-30,20.85,20.959999,20.58,20.6,19.991423,2027200,0.0,0.0
2012-01-03,21.049999,21.450001,21.02,21.299999,20.670738,4859500,0.0,0.0
2012-01-04,21.120001,21.190001,20.26,20.290001,19.690575,7479400,0.0,0.0
2012-01-05,20.4,20.809999,20.16,20.530001,19.923487,5057700,0.0,0.0
2012-01-06,20.469999,20.59,19.639999,19.67,19.088898,7231300,0.0,0.0
2012-01-09,19.969999,19.969999,19.08,19.42,18.846277,11974600,0.0,0.0
2012-01-10,19.57,19.76,19.379999,19.459999,18.885096,6737800,0.0,0.0
2012-01-11,19.299999,19.52,19.190001,19.379999,18.807457,6786400,0.0,0.0
2012-01-12,19.559999,19.83,19.33,19.51,18.93362,5889700,0.0,0.0
2012-01-13,19.27,19.34,17.950001,18.040001,17.507046,18690400,0.0,0.0
2012-01-17,18.129999,18.23,17.559999,17.74,17.215912,16483500,0.0,0.0
2012-01-18,17.719999,18.280001,17.700001,18.26,17.720547,7762000,0.0,0.0
2012-01-19,18.23,18.4,16.85,17.540001,17.021818,19894000,0.0,0.0
2012-01-20,18.0,18.24,17.629999,17.93,17.400299,11950700,0.0,0.0
2012-01-23,18.0,18.18,17.889999,17.98,17.44882,8974200,0.0,0.0
2012-01-24,18.190001,18.190001,17.5,17.940001,17.410004,9789500,0.0,0.0
2012-01-25,17.77,18.139999,17.540001,18.040001,17.507046,6058900,0.0,0.0
2012-01-26,18.049999,18.43,17.59,17.66,17.138275,6247300,0.0,0.0
2012-01-27,17.51,18.34,17.5,18.139999,17.604092,6775600,0.0,0.0
2012-01-30,18.0,18.08,17.799999,18.030001,17.497339,5827400,0.0,0.0
2012-01-31,18.15,18.809999,18.059999,18.58,18.031096,10794000,0.0,0.0
2012-02-01,18.700001,18.700001,18.1,18.440001,17.895229,9546800,0.0,0.0
2012-02-02,19.76,20.639999,19.4,19.57,18.991848,25830200,0.0,0.0
2012-02-03,19.799999,19.959999,19.15,19.24,18.671595,11070200,0.0,0.0
2012-02-06,19.110001,19.309999,18.92,19.0,18.438684,9443900,0.0,0.0
2012-02-07,18.969999,19.01,18.41,18.49,17.943752,10034800,0.0,0.0
2012-02-08,18.5,18.76,18.209999,18.24,17.701134,10334100,0.0,0.0
2012-02-09,17.940001,18.190001,17.52,17.870001,17.342068,16376200,0.0,0.0
2012-02-10,17.139999,17.5,16.73,17.42,16.905365,15862100,0.0,0.0
2012-02-13,17.48,17.74,17.309999,17.49,16.973299,6975400,0.0,0.0
2012-02-14,17.379999,17.67,17.360001,17.66,17.138275,6295000,0.0,0.0
2012-02-15,17.620001,18.0,17.440001,17.75,17.225615,6724400,0.0,0.0
2012-02-16,17.82,17.959999,17.5,17.77,17.245028,5612000,0.0,0.0
2012-02-17,17.75,17.860001,17.280001,17.469999,16.953888,8171700,0.0,0.0
2012-02-21,17.559999,17.629999,17.129999,17.219999,16.711275,5185800,0.0,0.0
2012-02-22,17.26,17.360001,17.09,17.129999,16.623928,4524200,0.0,0.0
2012-02-23,17.16,17.309999,17.07,17.190001,16.682161,3254000,0.0,0.0
2012-02-24,17.200001,17.33,16.83,16.93,16.42984,7956600,0.0,0.0
2012-02-27,16.809999,17.120001,16.610001,16.809999,16.313387,5665000,0.0,0.0
2012-02-28,16.83,16.9,16.639999,16.709999,16.216341,5609500,0.0,0.0
2012-02-29,16.620001,16.75,16.280001,16.34,15.857269,8730200,0.0,0.0
2012-03-01,16.33,16.709999,16.049999,16.690001,16.196928,12828300,0.0,0.0
2012-03-02,16.65,17.02,16.610001,16.780001,16.284266,9665500,0.0,0.0
2012-03-05,16.719999,16.85,16.309999,16.49,16.002838,5933900,0.0,0.0
2012-03-06,16.35,16.51,16.190001,16.440001,15.954315,6873400,0.0,0.0
2012-03-07,16.469999,16.57,16.24,16.51,16.022249,5671800,0.0,0.0
2012-03-08,16.57,17.700001,16.360001,17.4,16.885958,19118200,0.0,0.0
2012-03-09,17.43,17.66,17.0,17.26,16.750092,9313400,0.0,0.0
2012-03-12,17.27,17.41,16.620001,16.84,16.342495,7918000,0.0,0.0
2012-03-13,16.950001,17.290001,16.76,17.280001,16.769499,5747500,0.0,0.0
2012-03-14,17.190001,17.27,16.459999,16.5,16.012543,10552500,0.0,0.0
2012-03-15,16.51,16.870001,16.459999,16.709999,16.216341,6072500,0.0,0.0
2012-03-16,16.780001,17.5,16.65,17.459999,16.944181,10161000,0.0,0.0
2012-03-19,17.370001,17.4,17.110001,17.17,16.662746,6390700,0.0,0.0
2012-03-20,17.030001,17.1,16.68,17.01,16.507477,4776500,0.0,0.0
2012-03-21,16.969999,17.18,16.889999,16.92,16.420135,4448100,0.0,0.0
2012-03-22,16.799999,17.120001,16.74,16.959999,16.458956,4744600,0.0,0.0
2012-03-23,17.02,17.15,16.809999,16.860001,16.361906,2905500,0.0,0.0
2012-03-26,17.01,17.049999,16.809999,17.0,16.497778,3315900,0.0,0.0
2012-03-27,17.25,17.639999,16.99,17.02,16.517183,4394500,0.0,0.0
2012-03-28,16.98,17.1,16.49,16.790001,16.293982,6392300,0.0,0.0
2012-03-29,16.67,16.879999,16.290001,16.49,16.002838,6694500,0.0,0.0
2012-03-30,16.559999,16.780001,16.43,16.49,16.002838,4035000,0.0,0.0
2012-04-02,16.48,16.790001,16.27,16.709999,16.216341,4286800,0.0,0.0
2012-04-03,16.629999,16.870001,16.59,16.65,16.158113,5752800,0.0,0.0
2012-04-04,16.51,16.65,16.23,16.26,15.779634,3841400,0.0,0.0
2012-04-05,16.209999,16.43,16.15,16.27,15.789337,3734600,0.0,0.0
2012-04-09,16.08,16.15,15.9,15.9,15.430268,4750800,0.0,0.0
2012-04-10,15.81,15.97,15.36,15.55,15.090609,9477100,0.0,0.0
2012-04-11,15.66,15.98,15.59,15.89,15.420565,4622800,0.0,0.0
2012-04-12,15.88,16.540001,15.8,16.52,16.031954,5971000,0.0,0.0
2012-04-13,16.389999,16.530001,16.120001,16.18,15.701997,3582000,0.0,0.0
2012-04-16,16.209999,16.299999,15.18,15.21,14.760654,9772300,0.0,0.0
2012-04-17,15.38,15.63,15.26,15.28,14.828586,6945600,0.0,0.0
2012-04-18,15.21,15.36,14.87,15.07,14.624788,5783400,0.0,0.0
2012-04-19,15.02,15.31,14.7,14.76,14.323949,5767200,0.0,0.0
2012-04-20,14.82,15.07,14.65,14.93,14.488925,7463700,0.0,0.0
2012-04-23,14.7,15.0,14.48,14.87,14.430698,5675800,0.0,0.0
2012-04-24,14.88,14.93,14.72,14.88,14.440402,6192100,0.0,0.0
2012-04-25,14.97,15.08,14.8,15.01,14.566564,4335700,0.0,0.0
2012-04-26,15.76,16.1,15.34,15.93,15.459385,12922300,0.0,0.0
2012-04-27,15.92,16.030001,15.25,15.32,14.867405,7755200,0.0,0.0
2012-04-30,15.24,15.55,15.16,15.38,14.925632,3630900,0.0,0.0
2012-05-01,15.35,15.65,15.24,15.54,15.080904,4507700,0.0,0.0
2012-05-02,15.49,16.02,15.25,15.87,15.401155,8072400,0.0,0.0
2012-05-03,15.83,16.059999,15.6,15.67,15.207065,8903100,0.0,0.0
2012-05-04,15.48,15.61,15.07,15.12,14.673313,6822900,0.0,0.0
2012-05-07,15.37,15.38,14.74,15.13,14.683016,10259700,0.0,0.0
2012-05-08,14.25,14.69,13.83,14.48,14.05222,21563100,0.0,0.0
2012-05-09,14.32,14.33,14.01,14.12,13.702853,12661000,0.0,0.0
2012-05-10,14.29,14.78,14.23,14.71,14.275424,10800000,0.0,0.0
2012-05-11,14.62,15.0,14.55,14.57,14.139561,7983900,0.0,0.0
2012-05-14,14.42,14.56,14.33,14.38,13.955175,5167100,0.0,0.0
2012-05-15,14.51,14.7,14.24,14.31,13.887241,5273300,0.0,0.0
2012-05-16,14.44,14.75,14.35,14.41,13.984286,7186000,0.0,0.0
2012-05-17,14.39,14.59,14.22,14.24,13.819307,6093300,0.0,0.0
2012-05-18,14.24,14.41,14.0,14.1,13.683445,7627600,0.0,0.0
2012-05-21,14.1,14.43,13.95,14.38,13.955175,6686200,0.0,0.0
2012-05-22,14.36,14.59,14.16,14.26,13.838719,5576400,0.0,0.0
2012-05-23,14.11,14.74,14.0,14.69,14.256017,5179800,0.0,0.0
2012-05-24,14.65,14.67,14.11,14.22,13.799901,4255600,0.0,0.0
2012-05-25,14.2,14.36,14.08,14.22,13.799901,2696700,0.0,0.0
2012-05-29,14.32,14.63,14.25,14.38,13.955175,3477600,0.0,0.0
2012-05-30,14.22,14.27,13.97,14.15,13.731969,3935500,0.0,0.0
2012-05-31,14.14,14.15,13.61,13.62,13.217626,7312600,0.0,0.0
2012-06-01,13.39,13.48,13.05,13.12,12.732399,7443400,0.0,0.0
2012-06-04,13.13,13.33,12.86,13.07,12.683873,3585800,0.0,0.0
2012-06-05,12.99,13.36,12.96,13.14,12.751809,4150400,0.0,0.0
2012-06-06,13.28,13.75,13.22,13.71,13.30497,5057300,0.0,0.0
2012-06-07,13.83,13.89,13.31,13.42,13.023537,5191700,0.0,0.0
2012-06-08,13.41,13.59,13.28,13.47,13.072059,3074000,0.0,0.0
2012-06-11,13.54,13.59,12.79,12.82,12.441259,6167000,0.0,0.0
2012-06-12,12.91,13.01,12.7,12.79,12.412147,6286100,0.0,0.0
2012-06-13,12.75,12.82,12.2,12.29,11.926917,8652900,0.0,0.0
2012-06-14,12.34,12.46,12.24,12.32,11.956031,5411200,0.0,0.0
2012-06-15,12.31,12.49,12.22,12.44,12.072486,9771100,0.0,0.0
2012-06-18,12.27,12.54,12.22,12.43,12.062781,3297900,0.0,0.0
2012-06-19,12.49,12.71,12.4,12.67,12.295695,4005200,0.0,0.0
2012-06-20,12.64,12.79,12.54,12.66,12.285989,3288000,0.0,0.0
2012-06-21,12.66,12.68,11.98,12.0,11.645488,4727500,0.0,0.0
2012-06-22,11.67,12.36,11.67,12.26,11.897805,14252900,0.0,0.0
2012-06-25,12.01,12.19,11.79,12.12,11.761942,5123900,0.0,0.0
2012-06-26,12.09,12.2,11.93,11.97,11.616373,3427000,0.0,0.0
2012-06-27,12.0,12.18,11.88,12.11,11.752234,3131400,0.0,0.0
2012-06-28,12.01,12.1,11.74,11.89,11.538735,2644100,0.0,0.0
2012-06-29,12.16,12.37,11.93,12.35,11.985144,6509300,0.0,0.0
2012-07-02,12.36,12.38,12.05,12.28,11.917212,3262900,0.0,0.0
2012-07-03,12.26,12.6,12.26,12.59,12.218057,1484500,0.0,0.0
2012-07-05,12.54,12.6,12.37,12.39,12.023965,2069500,0.0,0.0
2012-07-06,12.27,12.34,11.84,12.02,11.664895,2495400,0.0,0.0
2012-07-09,12.02,12.08,11.69,11.94,11.587256,3667200,0.0,0.0
2012-07-10,12.03,12.14,11.5,11.59,11.247598,2989400,0.0,0.0
2012-07-11,11.62,11.75,11.52,11.68,11.334939,2752900,0.0,0.0
2012-07-12,11.72,11.9,11.36,11.59,11.247598,4703100,0.0,0.0
2012-07-13,11.62,11.76,11.6,11.71,11.364053,2580100,0.0,0.0
2012-07-16,11.67,11.69,11.49,11.53,11.18937,3752400,0.0,0.0
2012-07-17,11.59,11.62,11.28,11.36,11.024391,3137500,0.0,0.0
2012-07-18,11.34,11.61,11.31,11.5,11.160259,6397700,0.0,0.0
2012-07-19,11.55,12.39,11.53,12.27,11.907512,6431100,0.0,0.0
2012-07-20,12.22,12.23,11.93,11.98,11.626078,4306500,0.0,0.0
2012-07-23,11.72,11.96,11.6,11.82,11.470802,4127000,0.0,0.0
2012-07-24,11.78,11.96,11.46,11.54,11.199078,3014000,0.0,0.0
2012-07-25,11.52,11.58,11.29,11.51,11.169963,3414200,0.0,0.0
2012-07-26,11.6,11.76,10.86,10.95,10.626508,10637800,0.0,0.0
2012-07-27,11.04,11.48,10.93,11.41,11.072917,11198500,0.0,0.0
2012-07-30,11.29,11.4,11.11,11.23,10.898234,5408700,0.0,0.0
2012-07-31,11.1,11.33,10.77,11.02,10.69444,8568100,0.0,0.0
2012-08-01,11.5,11.88,10.81,11.68,11.334939,15327900,0.0,0.0
2012-08-02,11.4,11.75,11.27,11.37,11.034098,7875400,0.0,0.0
2012-08-03,11.54,12.06,11.51,11.97,11.616373,7498600,0.0,0.0
2012-08-06,12.02,12.29,12.01,12.2,11.839579,4564800,0.0,0.0
2012-08-07,12.24,12.87,12.24,12.79,12.412147,9081700,0.0,0.0
2012-08-08,12.72,12.96,12.69,12.94,12.557715,7959700,0.0,0.0
2012-08-09,12.91,13.16,12.86,13.12,12.732399,7442900,0.0,0.0
2012-08-10,13.11,13.13,12.95,13.08,12.69358,3851800,0.0,0.0
2012-08-13,13.11,13.12,12.74,12.87,12.489785,4047600,0.0,0.0
2012-08-14,13.02,13.06,12.65,12.71,12.33451,3288400,0.0,0.0
2012-08-15,12.71,13.15,12.63,13.09,12.703285,4252400,0.0,0.0
2012-08-16,14.31,14.39,13.62,13.81,13.402015,19948300,0.0,0.0
2012-08-17,13.95,14.0,13.69,13.77,13.363197,5952500,0.0,0.0
2012-08-20,13.69,13.73,13.3,13.56,13.159398,4627700,0.0,0.0
2012-08-21,13.62,13.65,13.37,13.56,13.159398,5335200,0.0,0.0
2012-08-22,13.48,13.73,13.39,13.44,13.042944,4132300,0.0,0.0
2012-08-23,13.37,13.39,13.08,13.25,12.858558,4642000,0.0,0.0
2012-08-24,13.25,13.44,13.12,13.33,12.936194,3884300,0.0,0.0
2012-08-27,13.33,13.35,12.9,12.93,12.548012,4121900,0.0,0.0
2012-08-28,13.02,13.09,12.79,12.83,12.450967,4088500,0.0,0.0
2012-08-29,12.9,13.01,12.64,12.85,12.470373,2781200,0.0,0.0
2012-08-30,12.8,13.12,12.7,13.0,12.615943,4421600,0.0,0.0
2012-08-31,12.72,13.53,12.57,13.33,12.936194,8415800,0.0,0.0
2012-09-04,13.22,13.29,12.72,13.03,12.645058,5392400,0.0,0.0
2012-09-05,12.91,13.2,12.87,13.14,12.751809,3669800,0.0,0.0
2012-09-06,13.33,13.94,13.23,13.63,13.227333,8820900,0.0,0.0
2012-09-07,13.65,14.05,13.54,14.04,13.625218,6337700,0.0,0.0
2012-09-10,13.96,14.02,13.7,13.84,13.431127,5765900,0.0,0.0
2012-09-11,13.75,13.91,13.75,13.81,13.402015,6299100,0.0,0.0
2012-09-12,13.91,14.18,13.74,13.99,13.576695,9692400,0.0,0.0
2012-09-13,13.99,14.33,13.87,14.24,13.819307,5249000,0.0,0.0
2012-09-14,14.21,14.64,14.21,14.5,14.07163,8743000,0.0,0.0
2012-09-17,14.5,14.51,14.07,14.21,13.790196,3596200,0.0,0.0
2012-09-18,14.26,14.26,13.88,14.0,13.586399,3780200,0.0,0.0
2012-09-19,14.1,14.1,13.86,13.93,13.51847,3838300,0.0,0.0
2012-09-20,13.89,13.96,13.35,13.48,13.081763,7350300,0.0,0.0
2012-09-21,13.59,13.68,13.1,13.24,12.848852,6691300,0.0,0.0
2012-09-24,13.11,13.36,13.01,13.31,12.916785,7611200,0.0,0.0
2012-09-25,13.34,13.4,12.67,12.68,12.3054,6871900,0.0,0.0
2012-09-26,12.42,12.85,12.13,12.6,12.227761,7146100,0.0,0.0
2012-09-27,12.67,12.93,12.67,12.78,12.402441,6531900,0.0,0.0
2012-09-28,12.69,12.72,12.45,12.69,12.315102,4994400,0.0,0.0
2012-10-01,12.73,12.86,12.33,12.35,11.985144,4965100,0.0,0.0
2012-10-02,12.41,12.69,12.35,12.65,12.276283,4877600,0.0,0.0
2012-10-03,12.7,12.89,12.61,12.85,12.470373,5394000,0.0,0.0
2012-10-04,12.81,13.05,12.66,13.03,12.645058,5454600,0.0,0.0
2012-10-05,13.05,13.17,12.86,12.95,12.567421,4357300,0.0,0.0
2012-10-08,12.86,13.07,12.85,12.98,12.596535,3074300,0.0,0.0
2012-10-09,13.01,13.12,12.92,13.01,12.625651,4680800,0.0,0.0
2012-10-10,12.98,13.05,12.82,12.89,12.509193,5503300,0.0,0.0
2012-10-11,12.92,13.11,12.85,13.05,12.664467,4548500,0.0,0.0
2012-10-12,13.14,13.43,13.03,13.41,13.01383,5363600,0.0,0.0
2012-10-15,13.51,13.72,13.27,13.69,13.285558,4213500,0.0,0.0
2012-10-16,13.73,13.98,13.67,13.98,13.566993,4279300,0.0,0.0
2012-10-17,13.61,13.98,13.61,13.87,13.460243,4174900,0.0,0.0
2012-10-18,13.83,13.93,13.67,13.83,13.421425,3522900,0.0,0.0
2012-10-19,13.75,13.79,13.0,13.08,12.69358,6062300,0.0,0.0
2012-10-22,13.14,13.3,12.89,13.05,12.664467,5551600,0.0,0.0
2012-10-23,12.88,13.1,12.68,12.77,12.392739,4982200,0.0,0.0
2012-10-24,12.84,12.94,12.35,12.42,12.053076,7540300,0.0,0.0
2012-10-25,12.52,12.64,12.08,12.21,11.849282,6965500,0.0,0.0
2012-10-26,11.97,12.12,11.8,11.91,11.558146,5942900,0.0,0.0
2012-10-31,11.91,12.4,11.9,12.35,11.985144,7836500,0.0,0.0
2012-11-01,12.35,13.03,12.28,13.0,12.615943,6895800,0.0,0.0
2012-11-02,13.04,13.1,12.88,12.99,12.606237,6572000,0.0,0.0
2012-11-05,12.96,13.2,12.95,13.2,12.810036,5539200,0.0,0.0
2012-11-06,13.28,13.88,13.2,13.76,13.353492,7097100,0.0,0.0
2012-11-07,13.57,13.65,13.37,13.44,13.042944,7273000,0.0,0.0
2012-11-08,13.31,13.5,12.91,12.91,12.528601,4731600,0.0,0.0
2012-11-09,12.93,13.14,12.88,12.89,12.509193,4648900,0.0,0.0
2012-11-12,12.98,13.11,12.85,13.02,12.635353,2176700,0.0,0.0
2012-11-13,12.91,13.05,12.89,12.98,12.596535,3266400,0.0,0.0
2012-11-14,13.01,13.11,12.73,12.75,12.373329,3457900,0.0,0.0
2012-11-15,12.78,13.11,12.72,13.05,12.664467,5083800,0.0,0.0
2012-11-16,13.15,13.21,12.92,13.05,12.664467,5742100,0.0,0.0
2012-11-19,13.22,13.79,13.11,13.71,13.30497,5432400,0.0,0.0
2012-11-20,13.63,13.88,13.59,13.86,13.450537,4626900,0.0,0.0
2012-11-21,13.77,14.12,13.72,13.97,13.557286,5011100,0.0,0.0
2012-11-23,14.01,14.45,13.96,14.37,13.945469,2694600,0.0,0.0
2012-11-26,14.27,14.67,14.26,14.6,14.168673,5658200,0.0,0.0
2012-11-27,14.56,14.87,14.37,14.74,14.304538,5595000,0.0,0.0
2012-11-28,14.78,15.05,14.51,15.03,14.585971,5355300,0.0,0.0
2012-11-29,15.23,15.32,14.97,15.03,14.585971,6655700,0.0,0.0
2012-11-30,15.06,15.1,14.77,14.81,14.372471,4638100,0.0,0.0
2012-12-03,14.87,14.94,14.49,14.53,14.100743,4945000,0.0,0.0
2012-12-04,14.53,14.57,14.24,14.44,14.013402,3894600,0.0,0.0
2012-12-05,14.58,14.83,14.5,14.63,14.197788,4915300,0.0,0.0
2012-12-06,14.66,14.83,14.58,14.82,14.382176,3913000,0.0,0.0
2012-12-07,14.83,14.95,14.65,14.84,14.401586,3678100,0.0,0.0
2012-12-10,14.72,15.05,14.72,14.82,14.382176,3514100,0.0,0.0
2012-12-11,14.9,15.21,14.88,15.15,14.702427,8978400,0.0,0.0
2012-12-12,15.17,15.41,15.17,15.33,14.877108,5259900,0.0,0.0
2012-12-13,15.36,15.47,15.18,15.25,14.799473,2907300,0.0,0.0
2012-12-14,15.18,15.41,15.09,15.3,14.847992,3272100,0.0,0.0
2012-12-17,15.3,15.47,15.21,15.42,14.964451,4600500,0.0,0.0
2012-12-18,15.37,15.5,14.77,14.91,14.469518,6966900,0.0,0.0
2012-12-19,15.0,15.08,14.36,14.4,13.974582,5953200,0.0,0.0
2012-12-20,14.46,14.46,13.76,13.94,13.528172,8262700,0.0,0.0
2012-12-21,13.74,13.97,13.41,13.89,13.47965,18432600,0.0,0.0
2012-12-24,13.88,14.2,13.87,14.11,13.69315,2928000,0.0,0.0
2012-12-26,14.13,14.26,14.06,14.16,13.741673,3512000,0.0,0.0
2012-12-27,14.09,14.25,13.78,14.02,13.605813,4006300,0.0,0.0
2012-12-28,13.88,14.04,13.79,13.92,13.508765,2164300,0.0,0.0
2012-12-31,13.89,14.55,13.83,14.52,14.091038,7190800,0.0,0.0
2013-01-02,14.77,14.93,14.38,14.55,14.120153,6881000,0.0,0.0
2013-01-03,14.53,14.81,14.51,14.74,14.304538,3664600,0.0,0.0
2013-01-04,14.76,14.95,14.7,14.88,14.440402,3348500,0.0,0.0
2013-01-07,14.26,14.6,14.26,14.45,14.023106,3863300,0.0,0.0
2013-01-08,14.24,14.3,13.77,13.77,13.363197,5110000,0.0,0.0
2013-01-09,13.78,13.85,13.57,13.7,13.295263,3892500,0.0,0.0
2013-01-10,13.8,14.01,13.75,14.0,13.586399,3207900,0.0,0.0
2013-01-11,13.7,14.33,13.29,14.24,13.819307,6496800,0.0,0.0
2013-01-14,14.23,14.5,14.15,14.43,14.003696,4188700,0.0,0.0
2013-01-15,14.3,14.62,14.17,14.61,14.178379,2535400,0.0,0.0
2013-01-16,14.59,14.77,14.41,14.6,14.168673,2529900,0.0,0.0
2013-01-17,14.66,14.8,14.47,14.51,14.081334,3157400,0.0,0.0
2013-01-18,14.54,14.72,14.4,14.46,14.032808,3183700,0.0,0.0
2013-01-22,14.46,14.49,14.31,14.43,14.003696,3284800,0.0,0.0
2013-01-23,14.52,14.61,13.99,14.05,13.634923,4998500,0.0,0.0
2013-01-24,14.05,14.36,14.02,14.26,13.838719,4638500,0.0,0.0
2013-01-25,14.31,14.92,14.31,14.77,14.333651,3966000,0.0,0.0
2013-01-28,14.98,15.1,14.65,15.04,14.595678,8397100,0.0,0.0
2013-01-29,15.18,15.18,14.82,14.95,14.508334,5391600,0.0,0.0
2013-01-30,14.94,15.48,14.94,15.08,14.634492,8508700,0.0,0.0
2013-01-31,14.63,16.18,14.62,15.73,15.265292,12537800,0.0,0.0
2013-02-01,15.62,16.25,15.44,16.190001,15.7117,9353700,0.0,0.0
2013-02-04,16.01,16.190001,15.94,16.0,15.527317,3720200,0.0,0.0
2013-02-05,16.25,17.25,16.16,16.889999,16.39102,11244000,0.0,0.0
2013-02-06,17.18,17.18,16.799999,16.879999,16.381319,5423900,0.0,0.0
2013-02-07,16.91,17.030001,16.719999,16.870001,16.371609,3101000,0.0,0.0
2013-02-08,17.049999,17.51,16.860001,17.370001,16.856842,4846300,0.0,0.0
2013-02-11,17.299999,17.6,17.129999,17.41,16.89566,4414900,0.0,0.0
2013-02-12,17.379999,17.59,17.280001,17.540001,17.021818,4443500,0.0,0.0
2013-02-13,17.389999,17.549999,17.059999,17.17,16.662746,5300200,0.0,0.0
2013-02-14,17.129999,17.360001,16.98,17.15,16.643341,5668200,0.0,0.0
2013-02-15,17.15,17.18,16.83,16.969999,16.468657,5481100,0.0,0.0
2013-02-19,17.049999,17.75,17.0,17.59,17.070341,4936300,0.0,0.0
2013-02-20,17.51,17.75,17.450001,17.48,16.963594,5319900,0.0,0.0
2013-02-21,17.65,17.92,17.16,17.639999,17.118866,10889900,0.0,0.0
2013-02-22,17.67,17.870001,17.67,17.809999,17.283838,3526200,0.0,0.0
2013-02-25,17.84,18.030001,17.690001,17.700001,17.177094,5689900,0.0,0.0
2013-02-26,17.76,17.82,17.450001,17.690001,17.167385,4560000,0.0,0.0
2013-02-27,17.65,18.200001,17.41,18.120001,17.584684,5373400,0.0,0.0
2013-02-28,17.59,18.0,17.52,17.530001,17.012115,7160500,0.0,0.0
2013-03-01,17.530001,18.08,17.42,18.040001,17.507046,5916800,0.0,0.0
2013-03-04,17.969999,18.299999,17.93,18.200001,17.662319,4846700,0.0,0.0
2013-03-05,18.34,18.9,18.299999,18.51,17.963161,4899100,0.0,0.0
2013-03-06,18.629999,18.870001,18.450001,18.620001,18.069912,3182600,0.0,0.0
2013-03-07,18.559999,18.940001,18.440001,18.709999,18.157249,4026400,0.0,0.0
2013-03-08,18.75,18.82,18.48,18.58,18.031096,3831300,0.0,0.0
2013-03-11,18.58,19.51,18.58,19.129999,18.564846,7736200,0.0,0.0
2013-03-12,19.059999,19.25,18.99,19.25,18.681301,3948000,0.0,0.0
2013-03-13,19.040001,19.15,18.790001,18.940001,18.380459,5548100,0.0,0.0
2013-03-14,19.07,19.360001,18.950001,19.34,18.768641,3483500,0.0,0.0
2013-03-15,19.33,19.34,18.870001,18.879999,18.322227,5657900,0.0,0.0
2013-03-18,18.700001,18.77,18.42,18.709999,18.157249,5077800,0.0,0.0
2013-03-19,18.709999,18.85,16.93,17.15,16.643341,20063900,0.0,0.0
2013-03-20,17.18,17.41,17.08,17.34,16.82773,5450700,0.0,0.0
2013-03-21,17.58,17.99,17.540001,17.700001,17.177094,5885400,0.0,0.0
2013-03-22,17.68,18.030001,17.68,17.969999,17.439112,4712400,0.0,0.0
2013-03-25,18.120001,18.139999,17.51,17.559999,17.041227,4829200,0.0,0.0
2013-03-26,18.110001,18.15,17.690001,17.77,17.245028,4608200,0.0,0.0
2013-03-27,17.76,17.83,17.469999,17.790001,17.264429,2673600,0.0,0.0
2013-03-28,17.629999,17.73,17.389999,17.700001,17.177094,6487400,0.0,0.0
2013-04-01,17.610001,18.02,17.610001,17.92,17.390591,4288600,0.0,0.0
2013-04-02,17.75,17.940001,17.43,17.549999,17.031523,3959800,0.0,0.0
2013-04-03,17.549999,17.59,17.190001,17.24,16.73068,4527900,0.0,0.0
2013-04-04,17.34,17.389999,17.110001,17.25,16.740383,4305700,0.0,0.0
2013-04-05,17.139999,17.370001,17.0,17.35,16.837431,2580200,0.0,0.0
2013-04-08,17.33,17.379999,16.98,17.27,16.759792,2726300,0.0,0.0
2013-04-09,17.360001,17.51,17.24,17.450001,16.934481,1778500,0.0,0.0
2013-04-10,17.41,17.84,17.280001,17.799999,17.274132,3976300,0.0,0.0
2013-04-11,17.959999,17.959999,17.6,17.629999,17.109159,3190300,0.0,0.0
2013-04-12,17.530001,17.610001,17.34,17.58,17.060638,2168800,0.0,0.0
2013-04-15,17.5,17.6,16.9,16.91,16.410433,4218000,0.0,0.0
2013-04-16,17.1,17.469999,16.870001,17.370001,16.856842,4366000,0.0,0.0
2013-04-17,17.15,17.309999,16.84,17.01,16.507477,4159700,0.0,0.0
2013-04-18,17.02,17.1,16.75,16.940001,16.439545,2282400,0.0,0.0
2013-04-19,16.879999,17.15,16.65,17.09,16.585114,2654300,0.0,0.0
2013-04-22,17.1,17.370001,16.76,17.280001,16.769499,3144600,0.0,0.0
2013-04-23,17.290001,17.59,17.139999,17.42,16.905365,2200300,0.0,0.0
2013-04-24,17.43,17.860001,17.42,17.799999,17.274132,2525900,0.0,0.0
2013-04-25,17.860001,18.059999,17.790001,17.940001,17.410004,3347300,0.0,0.0
2013-04-26,17.959999,18.120001,17.860001,17.879999,17.351772,3222300,0.0,0.0
2013-04-29,17.889999,18.0,17.709999,17.77,17.245028,2157400,0.0,0.0
2013-04-30,17.77,17.790001,17.360001,17.610001,17.089752,2409300,0.0,0.0
2013-05-01,17.59,17.65,17.16,17.299999,16.788912,2412100,0.0,0.0
2013-05-02,17.389999,17.540001,17.15,17.540001,17.021818,2373200,0.0,0.0
2013-05-03,17.690001,18.129999,17.68,17.959999,17.429409,6220600,0.0,0.0
2013-05-06,17.67,18.309999,17.620001,18.290001,17.749662,4307500,0.0,0.0
2013-05-07,18.85,18.85,18.049999,18.41,17.86611,8074800,0.0,0.0
2013-05-08,19.799999,21.68,19.799999,21.559999,20.923061,22314500,0.0,0.0
2013-05-09,21.040001,21.889999,20.950001,21.639999,21.00069,11145700,0.0,0.0
2013-05-10,21.5,22.57,21.450001,22.48,21.815876,9168300,0.0,0.0
2013-05-13,22.27,22.48,21.450001,21.74,21.09774,7215100,0.0,0.0
2013-05-14,21.799999,22.43,21.780001,22.41,21.747942,4407600,0.0,0.0
2013-05-15,22.040001,22.84,22.02,22.639999,21.971149,4810200,0.0,0.0
2013-05-16,22.6,22.700001,22.0,22.02,21.369469,4394200,0.0,0.0
2013-05-17,21.75,22.35,21.5,22.209999,21.55385,5621100,0.0,0.0
2013-05-20,22.0,22.33,21.77,21.790001,21.146263,4693500,0.0,0.0
2013-05-21,21.629999,22.59,21.58,21.969999,21.32094,6469900,0.0,0.0
2013-05-22,22.129999,22.77,21.68,21.75,21.107441,6620500,0.0,0.0
2013-05-23,21.59,22.700001,21.5,22.65,21.980852,5805900,0.0,0.0
2013-05-24,22.27,22.98,22.26,22.77,22.097309,6061000,0.0,0.0
2013-05-28,22.99,23.530001,22.77,23.26,22.572832,6106400,0.0,0.0
2013-05-29,23.24,23.48,22.959999,23.16,22.475788,4520900,0.0,0.0
2013-05-30,23.040001,23.540001,23.030001,23.35,22.660179,3288300,0.0,0.0
2013-05-31,23.190001,23.6,22.99,22.99,22.31081,4526000,0.0,0.0
2013-06-03,23.01,23.110001,22.51,22.99,22.31081,3861700,0.0,0.0
2013-06-04,22.85,23.129999,22.540001,22.719999,22.048782,4815400,0.0,0.0
2013-06-05,22.76,23.0,22.57,22.879999,22.20406,3446800,0.0,0.0
2013-06-06,22.83,23.280001,22.709999,23.280001,22.592245,3556000,0.0,0.0
2013-06-07,23.5,23.66,23.23,23.610001,22.912495,3476200,0.0,0.0
2013-06-10,23.6,23.66,22.799999,22.870001,22.194359,3780500,0.0,0.0
2013-06-11,22.74,23.309999,22.540001,22.6,21.932337,3851900,0.0,0.0
2013-06-12,22.790001,22.91,21.43,21.540001,20.903648,6643000,0.0,0.0
2013-06-13,21.530001,21.65,20.950001,21.49,20.855125,7727700,0.0,0.0
2013-06-14,21.49,22.030001,21.450001,21.809999,21.165674,3587900,0.0,0.0
2013-06-17,21.84,22.75,21.84,22.43,21.767355,4715600,0.0,0.0
2013-06-18,22.42,23.09,22.42,23.030001,22.349632,4485600,0.0,0.0
2013-06-19,22.959999,23.209999,22.83,22.84,22.165237,3879100,0.0,0.0
2013-06-20,22.610001,22.77,22.139999,22.15,21.495632,3922900,0.0,0.0
2013-06-21,22.15,22.66,21.75,21.98,21.330648,5704300,0.0,0.0
2013-06-24,21.889999,21.940001,21.33,21.610001,20.971577,3102600,0.0,0.0
2013-06-25,21.85,22.02,21.559999,21.780001,21.136557,2307100,0.0,0.0
2013-06-26,22.08,22.110001,21.65,21.790001,21.146263,2625900,0.0,0.0
2013-06-27,21.959999,22.59,21.940001,22.209999,21.55385,2949100,0.0,0.0
2013-06-28,21.93,23.120001,21.93,22.99,22.31081,7366900,0.0,0.0
2013-07-01,22.889999,23.389999,22.870001,23.18,22.495195,3606600,0.0,0.0
2013-07-02,23.200001,23.540001,22.99,23.52,22.825153,3334700,0.0,0.0
2013-07-03,23.280001,23.559999,23.190001,23.309999,22.621355,2064700,0.0,0.0
2013-07-05,23.5,23.879999,23.32,23.83,23.125994,1894300,0.0,0.0
2013-07-08,23.889999,23.99,23.17,23.540001,22.844563,3816800,0.0,0.0
2013-07-09,23.73,23.860001,23.4,23.57,22.873676,2352600,0.0,0.0
2013-07-10,23.51,23.91,23.34,23.9,23.193918,3341700,0.0,0.0
2013-07-11,24.1,24.299999,23.65,24.27,23.552996,3735700,0.0,0.0
2013-07-12,24.25,24.49,23.98,24.32,23.601519,2703000,0.0,0.0
2013-07-15,24.25,24.360001,23.98,24.190001,23.475361,4182500,0.0,0.0
2013-07-16,24.1,24.389999,24.059999,24.190001,23.475361,2719800,0.0,0.0
2013-07-17,24.299999,24.299999,23.389999,23.809999,23.106585,4703400,0.0,0.0
2013-07-18,23.9,24.450001,23.85,24.16,23.446247,2216000,0.0,0.0
2013-07-19,24.17,24.35,23.75,24.27,23.552996,1881700,0.0,0.0
2013-07-22,24.459999,24.459999,23.9,24.01,23.300682,3073100,0.0,0.0
2013-07-23,24.43,24.43,23.799999,23.83,23.125994,3739600,0.0,0.0
2013-07-24,25.219999,26.98,25.209999,25.41,24.659317,15658200,0.0,0.0
2013-07-25,25.26,25.450001,24.51,24.639999,23.912062,5764000,0.0,0.0
2013-07-26,24.379999,25.950001,24.35,25.82,25.057201,6655900,0.0,0.0
2013-07-29,25.41,25.860001,25.35,25.48,24.727249,3011200,0.0,0.0
2013-07-30,25.77,26.530001,25.540001,26.07,25.299814,7516200,0.0,0.0
2013-07-31,26.0,26.42,25.93,26.120001,25.348341,4136700,0.0,0.0
2013-08-01,26.33,26.67,26.07,26.530001,25.746227,4934900,0.0,0.0
2013-08-02,26.65,26.65,26.139999,26.57,25.785042,3633900,0.0,0.0
2013-08-05,26.41,26.889999,26.16,26.530001,25.746227,2610100,0.0,0.0
2013-08-06,26.5,26.76,26.219999,26.440001,25.658886,2271200,0.0,0.0
2013-08-07,26.24,26.52,26.040001,26.34,25.561848,2015800,0.0,0.0
2013-08-08,26.4,26.860001,26.4,26.639999,25.852976,2817000,0.0,0.0
2013-08-09,26.49,26.85,26.49,26.65,25.862679,1502100,0.0,0.0
2013-08-12,26.4,26.85,26.379999,26.68,25.891802,1554400,0.0,0.0
2013-08-13,26.700001,26.77,26.42,26.549999,25.765635,1733100,0.0,0.0
2013-08-14,26.129999,26.799999,26.120001,26.66,25.872389,3318300,0.0,0.0
2013-08-15,26.75,26.75,26.440001,26.48,25.697704,3814700,0.0,0.0
2013-08-16,26.360001,26.959999,26.33,26.889999,26.095594,4219400,0.0,0.0
2013-08-19,26.74,27.07,26.52,26.57,25.785042,3308700,0.0,0.0
2013-08-20,26.52,27.92,26.5,26.75,25.959726,6260600,0.0,0.0
2013-08-21,26.58,26.879999,26.32,26.66,25.872389,3303700,0.0,0.0
2013-08-22,27.0,27.940001,26.950001,27.780001,26.959301,2959100,0.0,0.0
2013-08-23,27.969999,28.129999,27.83,27.969999,27.143686,3759300,0.0,0.0
2013-08-26,28.07,28.110001,27.620001,27.860001,27.03694,2931100,0.0,0.0
2013-08-27,27.49,27.77,26.959999,26.99,26.192635,4285700,0.0,0.0
2013-08-28,26.860001,27.25,26.66,27.129999,26.328503,2145900,0.0,0.0
2013-08-29,27.129999,27.700001,27.040001,27.57,26.755503,2784900,0.0,0.0
2013-08-30,26.98,27.200001,26.559999,26.639999,25.852976,2997300,0.0,0.0
2013-09-03,27.030001,27.639999,27.030001,27.360001,26.551712,3014100,0.0,0.0
2013-09-04,27.49,28.0,27.1,27.99,27.163095,3311600,0.0,0.0
2013-09-05,27.77,28.0,27.639999,27.68,26.862253,1690500,0.0,0.0
2013-09-06,27.370001,27.41,26.459999,26.76,25.969433,5234900,0.0,0.0
2013-09-09,26.93,27.370001,26.639999,27.110001,26.309093,3585400,0.0,0.0
2013-09-10,27.360001,27.440001,26.83,26.950001,26.153822,3072500,0.0,0.0
2013-09-11,26.91,27.049999,26.26,26.709999,25.920908,4093100,0.0,0.0
2013-09-12,26.709999,26.76,26.23,26.389999,25.610367,3597500,0.0,0.0
2013-09-13,26.540001,27.18,26.52,26.67,25.882092,3537300,0.0,0.0
2013-09-16,27.040001,27.32,26.85,26.959999,26.163527,3631300,0.0,0.0
2013-09-17,26.870001,27.75,26.639999,27.6,26.784624,4402700,0.0,0.0
2013-09-18,27.5,27.58,26.57,26.860001,26.066483,5299600,0.0,0.0
2013-09-19,27.059999,27.24,26.73,26.98,26.182938,2569600,0.0,0.0
2013-09-20,27.02,27.07,26.43,26.540001,25.755934,4571000,0.0,0.0
2013-09-23,26.43,26.700001,26.18,26.190001,25.416269,3160000,0.0,0.0
2013-09-24,26.27,26.68,26.209999,26.549999,25.765635,3328400,0.0,0.0
2013-09-25,26.540001,26.889999,26.27,26.6,25.814163,1695600,0.0,0.0
2013-09-26,26.700001,26.879999,26.129999,26.15,25.377449,2884500,0.0,0.0
2013-09-27,26.07,26.24,25.549999,25.950001,25.183363,4746800,0.0,0.0
2013-09-30,25.59,25.76,25.16,25.549999,24.795181,5138800,0.0,0.0
2013-10-01,25.690001,26.540001,25.549999,26.42,25.639479,5933900,0.0,0.0
2013-10-02,25.82,25.99,25.059999,25.620001,24.863115,6100300,0.0,0.0
2013-10-03,25.65,25.76,25.049999,25.08,24.339064,3791300,0.0,0.0
2013-10-04,25.120001,25.9,25.059999,25.76,24.998978,2814500,0.0,0.0
2013-10-07,25.24,25.6,25.120001,25.25,24.504047,3633100,0.0,0.0
2013-10-08,25.26,25.389999,24.059999,24.07,23.3589,5554700,0.0,0.0
2013-10-09,24.18,24.280001,23.68,24.15,23.436537,4026900,0.0,0.0
2013-10-10,24.530001,25.24,24.469999,25.219999,24.47493,3843000,0.0,0.0
2013-10-11,25.209999,25.290001,24.620001,24.719999,23.989704,4891400,0.0,0.0
2013-10-14,24.58,24.67,24.280001,24.59,23.863544,5349800,0.0,0.0
2013-10-15,24.35,24.65,23.940001,23.969999,23.26186,6468800,0.0,0.0
2013-10-16,24.09,24.77,24.030001,24.209999,23.49477,5751000,0.0,0.0
2013-10-17,23.950001,24.57,23.940001,24.530001,23.805317,4001300,0.0,0.0
2013-10-18,24.709999,25.07,24.52,25.030001,24.290546,4125700,0.0,0.0
2013-10-21,25.1,25.24,24.469999,24.5,23.776197,4032800,0.0,0.0
2013-10-22,24.49,25.65,24.0,25.23,24.484634,7725100,0.0,0.0
2013-10-23,25.219999,25.25,24.41,24.610001,23.882954,3167700,0.0,0.0
2013-10-24,24.700001,24.91,24.5,24.74,24.009111,2648200,0.0,0.0
2013-10-25,24.870001,25.15,24.57,24.75,24.018814,2343900,0.0,0.0
2013-10-28,24.66,24.950001,24.540001,24.83,24.096453,4083900,0.0,0.0
2013-10-29,24.969999,25.08,23.950001,24.129999,23.41713,6510900,0.0,0.0
2013-10-30,26.129999,27.24,25.690001,26.0,25.231886,12936900,0.0,0.0
2013-10-31,25.85,26.98,25.700001,26.25,25.474503,9963800,0.0,0.0
2013-11-01,26.24,26.389999,25.129999,25.629999,24.872816,10724900,0.0,0.0
2013-11-04,25.67,25.85,25.360001,25.73,24.969862,4329400,0.0,0.0
2013-11-05,25.629999,25.690001,25.280001,25.559999,24.804882,4449100,0.0,0.0
2013-11-06,25.709999,25.879999,25.57,25.74,24.97957,3679900,0.0,0.0
2013-11-07,25.74,25.85,25.299999,25.33,24.58168,4929000,0.0,0.0
2013-11-08,25.360001,25.950001,25.15,25.700001,24.940746,3349500,0.0,0.0
2013-11-11,25.67,25.99,25.370001,25.99,25.222179,2643800,0.0,0.0
2013-11-12,25.950001,26.629999,25.799999,26.440001,25.658886,4179500,0.0,0.0
2013-11-13,26.33,26.49,26.120001,26.42,25.639479,2754100,0.0,0.0
2013-11-14,26.389999,26.450001,25.77,25.959999,25.193069,2817700,0.0,0.0
2013-11-15,25.74,25.940001,23.870001,24.059999,23.349197,11144400,0.0,0.0
2013-11-18,24.15,24.58,23.969999,24.120001,23.407429,7690600,0.0,0.0
2013-11-19,23.959999,24.25,23.09,23.32,22.63106,7940700,0.0,0.0
2013-11-20,23.370001,23.5,22.84,23.0,22.320518,5860100,0.0,0.0
2013-11-21,23.030001,23.59,22.68,23.389999,22.69899,4615200,0.0,0.0
2013-11-22,23.440001,23.559999,22.719999,23.139999,22.456379,4697600,0.0,0.0
2013-11-25,23.16,23.32,22.6,22.780001,22.107012,4066400,0.0,0.0
2013-11-26,22.690001,23.18,22.440001,22.52,21.8547,5231200,0.0,0.0
2013-11-27,22.52,22.639999,22.040001,22.110001,21.456812,5061100,0.0,0.0
2013-11-29,22.09,22.48,21.99,22.17,21.515038,2471100,0.0,0.0
2013-12-02,22.280001,22.379999,21.84,21.9,21.253016,5386300,0.0,0.0
2013-12-03,21.780001,22.190001,21.469999,21.540001,20.903648,5720100,0.0,0.0
2013-12-04,21.719999,22.4,21.360001,22.34,21.680012,6561900,0.0,0.0
2013-12-05,21.530001,21.549999,20.469999,21.01,20.389301,12841600,0.0,0.0
2013-12-06,21.43,22.57,21.049999,22.24,21.582972,8260600,0.0,0.0
2013-12-09,22.02,22.450001,21.889999,22.190001,21.534445,4538500,0.0,0.0
2013-12-10,22.07,22.35,21.889999,22.059999,21.408285,3405900,0.0,0.0
2013-12-11,22.08,22.23,21.040001,21.08,20.457237,8159300,0.0,0.0
2013-12-12,21.049999,21.25,20.780001,20.969999,20.350483,5213700,0.0,0.0
2013-12-13,21.790001,23.219999,21.690001,22.219999,21.563555,8719800,0.0,0.0
2013-12-16,22.200001,22.379999,21.85,22.059999,21.408285,6999400,0.0,0.0
2013-12-17,22.1,22.84,22.08,22.75,22.0779,4517800,0.0,0.0
2013-12-18,22.83,23.379999,22.639999,22.860001,22.184652,8074200,0.0,0.0
2013-12-19,22.85,23.66,22.66,23.42,22.728106,6452000,0.0,0.0
2013-12-20,23.469999,23.620001,23.030001,23.540001,22.844563,9411800,0.0,0.0
2013-12-23,23.65,24.0,23.58,23.860001,23.155107,3941900,0.0,0.0
2013-12-24,23.93,23.969999,23.719999,23.83,23.125994,1076300,0.0,0.0
2013-12-26,23.889999,23.969999,23.540001,23.67,22.97072,1778200,0.0,0.0
2013-12-27,23.709999,23.77,23.059999,23.17,22.485497,3003900,0.0,0.0
2013-12-30,23.139999,23.27,22.74,22.889999,22.213766,4375300,0.0,0.0
2013-12-31,23.0,23.16,22.629999,22.940001,22.262289,3337400,0.0,0.0
2014-01-02,22.9,22.959999,22.43,22.83,22.155537,3550700,0.0,0.0
2014-01-03,22.879999,23.1,22.5,22.68,22.009972,3112600,0.0,0.0
2014-01-06,22.809999,23.030001,22.09,22.530001,21.864401,4300900,0.0,0.0
2014-01-07,22.68,23.379999,22.530001,23.1,22.417566,3963000,0.0,0.0
2014-01-08,23.139999,23.450001,23.110001,23.309999,22.621355,3022200,0.0,0.0
2014-01-09,23.42,23.690001,22.620001,22.75,22.0779,2788700,0.0,0.0
2014-01-10,22.790001,23.030001,22.709999,23.01,22.330219,2026700,0.0,0.0
2014-01-13,23.01,23.02,22.33,22.379999,21.718836,4041200,0.0,0.0
2014-01-14,22.6,22.6,21.58,22.459999,21.796469,9022600,0.0,0.0
2014-01-15,22.6,22.85,21.889999,21.93,21.282125,5948900,0.0,0.0
2014-01-16,21.860001,22.040001,21.25,21.540001,20.903648,9347800,0.0,0.0
2014-01-17,23.030001,24.290001,22.969999,24.1,23.38802,13893900,0.0,0.0
2014-01-21,24.24,24.59,24.01,24.32,23.601519,7515100,0.0,0.0
2014-01-22,24.27,24.389999,24.02,24.17,23.455952,4097900,0.0,0.0
2014-01-23,23.950001,24.27,23.629999,23.870001,23.164814,2630800,0.0,0.0
2014-01-24,23.639999,23.959999,23.389999,23.84,23.135702,5559800,0.0,0.0
2014-01-27,23.98,24.59,23.73,24.469999,23.747087,8220300,0.0,0.0
2014-01-28,24.549999,25.01,24.440001,24.870001,24.135271,14116500,0.0,0.0
2014-01-29,25.030001,26.059999,24.66,25.219999,24.47493,14164800,0.0,0.0
2014-01-30,25.34,26.219999,25.299999,26.030001,25.260998,6994800,0.0,0.0
2014-01-31,25.93,26.860001,25.620001,26.4,25.620071,8244600,0.0,0.0
2014-02-03,26.360001,26.65,25.57,26.08,25.309525,7050400,0.0,0.0
2014-02-04,26.49,26.790001,26.16,26.18,25.40657,9151300,0.0,0.0
2014-02-05,26.049999,26.48,25.809999,26.16,25.387159,6565200,0.0,0.0
2014-02-06,25.700001,26.65,25.559999,26.459999,25.678299,6423300,0.0,0.0
2014-02-07,26.620001,27.700001,26.459999,27.200001,26.396437,9164600,0.0,0.0
2014-02-10,26.76,27.4,26.620001,26.879999,26.085888,4858000,0.0,0.0
2014-02-11,26.93,27.549999,26.450001,27.41,26.600227,4909700,0.0,0.0
2014-02-12,27.370001,27.879999,27.34,27.860001,27.03694,3272900,0.0,0.0
2014-02-13,27.52,27.74,27.200001,27.559999,26.745798,2957800,0.0,0.0
2014-02-14,27.620001,27.799999,27.450001,27.58,26.765213,3606300,0.0,0.0
2014-02-18,27.610001,28.5,27.57,28.4,27.560982,3535600,0.0,0.0
2014-02-19,28.18,28.440001,27.889999,27.91,27.085461,3398400,0.0,0.0
2014-02-20,28.0,28.139999,27.67,27.790001,26.969009,4224800,0.0,0.0
2014-02-21,27.799999,28.209999,27.799999,28.0,27.172798,3743800,0.0,0.0
2014-02-24,28.030001,28.33,27.950001,27.959999,27.133986,2294100,0.0,0.0
2014-02-25,28.040001,28.16,27.67,28.1,27.269846,3410200,0.0,0.0
2014-02-26,28.190001,28.73,28.0,28.27,27.434826,4889500,0.0,0.0
2014-02-27,28.15,28.629999,27.82,28.540001,27.69685,2909500,0.0,0.0
2014-02-28,28.32,28.709999,28.290001,28.59,27.745373,4761800,0.0,0.0
2014-03-03,28.469999,28.5,27.959999,28.09,27.260141,2885400,0.0,0.0
2014-03-04,28.43,28.860001,28.370001,28.809999,27.958874,5976000,0.0,0.0
2014-03-05,28.9,29.110001,28.66,29.09,28.230595,3993400,0.0,0.0
2014-03-06,29.290001,29.65,29.17,29.209999,28.347054,3344400,0.0,0.0
2014-03-07,29.440001,29.49,28.940001,29.379999,28.512033,3493900,0.0,0.0
2014-03-10,29.299999,29.48,29.02,29.209999,28.347054,4452000,0.0,0.0
2014-03-11,29.18,29.9,29.17,29.799999,28.919621,7184800,0.0,0.0
2014-03-12,29.440001,30.1,29.299999,29.98,29.094303,5355300,0.0,0.0
2014-03-13,29.360001,29.92,29.309999,29.709999,28.832287,11987900,0.0,0.0
2014-03-14,29.85,30.469999,29.42,29.6,28.725531,7353900,0.0,0.0
2014-03-17,29.66,30.43,29.66,30.1,29.210764,3341800,0.0,0.0
2014-03-18,30.059999,30.370001,30.059999,30.24,29.346626,1996000,0.0,0.0
2014-03-19,30.190001,30.469999,29.879999,30.23,29.33692,2502800,0.0,0.0
2014-03-20,30.139999,30.370001,29.76,30.25,29.356331,2308700,0.0,0.0
2014-03-21,30.559999,30.559999,29.610001,29.75,28.871101,5013000,0.0,0.0
2014-03-24,29.889999,30.049999,28.83,29.0,28.143259,4895400,0.0,0.0
2014-03-25,29.24,29.59,28.950001,29.290001,28.424692,3240900,0.0,0.0
2014-03-26,29.370001,29.440001,28.42,28.57,27.725962,3653500,0.0,0.0
2014-03-27,28.43,28.620001,27.950001,28.48,27.638615,4833500,0.0,0.0
2014-03-28,28.620001,29.030001,28.33,28.530001,27.687147,2716800,0.0,0.0
2014-03-31,28.629999,29.34,28.389999,29.01,28.152964,3594900,0.0,0.0
2014-04-01,29.129999,29.49,28.790001,29.469999,28.599375,3056300,0.0,0.0
2014-04-02,29.75,29.75,28.92,29.129999,28.269417,3291900,0.0,0.0
2014-04-03,28.85,29.549999,28.67,28.870001,28.017101,4281100,0.0,0.0
2014-04-04,29.139999,29.35,28.530001,28.6,27.755074,2994400,0.0,0.0
2014-04-07,28.469999,28.76,28.01,28.34,27.502756,2930800,0.0,0.0
2014-04-08,28.35,28.889999,28.32,28.73,27.881231,5502100,0.0,0.0
2014-04-09,28.690001,28.889999,27.26,28.16,27.328075,6942200,0.0,0.0
2014-04-10,28.24,28.33,27.139999,27.219999,26.415846,5461000,0.0,0.0
2014-04-11,27.24,27.24,26.639999,26.67,25.882092,5703900,0.0,0.0
2014-04-14,26.99,27.450001,26.709999,27.280001,26.47407,3278300,0.0,0.0
2014-04-15,27.309999,27.559999,26.92,27.469999,26.658461,4202300,0.0,0.0
2014-04-16,27.219999,27.620001,27.1,27.59,26.774914,3320700,0.0,0.0
2014-04-17,27.42,27.610001,27.35,27.57,26.755503,2735000,0.0,0.0
2014-04-21,27.75,28.18,27.66,27.98,27.153391,2570700,0.0,0.0
2014-04-22,27.6,28.23,27.59,28.120001,27.289249,3260100,0.0,0.0
2014-04-23,28.139999,28.26,27.950001,28.15,27.318369,2785900,0.0,0.0
2014-04-24,28.32,28.43,27.940001,28.1,27.269846,2187400,0.0,0.0
2014-04-25,28.049999,28.33,27.809999,28.209999,27.376596,4894500,0.0,0.0
2014-04-28,28.34,28.42,27.85,28.18,27.347481,3811700,0.0,0.0
2014-04-29,28.219999,28.25,27.76,28.059999,27.231022,2756100,0.0,0.0
2014-04-30,28.07,28.35,27.969999,28.299999,27.463938,2648100,0.0,0.0
2014-05-01,28.48,29.02,28.110001,28.74,27.890938,2833400,0.0,0.0
2014-05-02,28.719999,28.91,28.299999,28.5,27.65803,2388000,0.0,0.0
2014-05-05,28.450001,28.809999,28.059999,28.76,27.910351,2488500,0.0,0.0
2014-05-06,28.809999,28.969999,28.030001,28.049999,27.221323,4627000,0.0,0.0
2014-05-07,32.330002,34.029999,32.080002,33.950001,32.947025,24834800,0.0,0.0
2014-05-08,33.400002,34.869999,33.110001,34.279999,33.267281,12508400,0.0,0.0
2014-05-09,34.049999,35.25,33.75,35.119999,34.082455,9362600,0.0,0.0
2014-05-12,35.310001,35.459999,34.869999,35.310001,34.26685,5541100,0.0,0.0
2014-05-13,35.389999,35.650002,34.990002,35.040001,34.004814,7488400,0.0,0.0
2014-05-14,34.93,35.0,34.119999,34.130001,33.121704,5763500,0.0,0.0
2014-05-15,34.029999,34.240002,33.599998,33.790001,32.791752,5193400,0.0,0.0
2014-05-16,33.900002,34.549999,33.709999,34.439999,33.42255,4512800,0.0,0.0
2014-05-19,33.880001,34.790001,33.73,34.57,33.548706,3419300,0.0,0.0
2014-05-20,34.009998,34.599998,34.0,34.380001,33.364323,4150600,0.0,0.0
2014-05-21,34.290001,34.880001,34.189999,34.599998,33.577824,2448800,0.0,0.0
2014-05-22,34.240002,34.799999,34.169998,34.57,33.548706,3281400,0.0,0.0
2014-05-23,34.599998,34.970001,34.41,34.880001,33.849556,2293200,0.0,0.0
2014-05-27,34.970001,35.169998,34.790001,35.080002,34.043636,2776000,0.0,0.0
2014-05-28,34.919998,35.150002,34.610001,34.700001,33.674862,1823900,0.0,0.0
2014-05-29,34.759998,34.84,34.299999,34.759998,33.733101,2381500,0.0,0.0
2014-05-30,34.810001,35.139999,34.709999,35.130001,34.092163,2886500,0.0,0.0
2014-06-02,34.98,35.16,34.310001,34.560001,33.538998,2117400,0.0,0.0
2014-06-03,34.380001,34.740002,34.25,34.73,33.703976,2062100,0.0,0.0
2014-06-04,34.700001,35.380001,34.650002,34.950001,33.91748,2447300,0.0,0.0
2014-06-05,34.950001,35.0,34.5,34.779999,33.75251,2197600,0.0,0.0
2014-06-06,34.799999,35.009998,34.59,34.849998,33.820431,1769900,0.0,0.0
2014-06-09,35.009998,35.080002,34.57,34.91,33.878654,2690300,0.0,0.0
2014-06-10,34.869999,35.799999,34.869999,35.700001,34.645317,5076800,0.0,0.0
2014-06-11,35.470001,35.860001,35.23,35.509998,34.460934,3465400,0.0,0.0
2014-06-12,35.450001,35.75,35.150002,35.23,34.189205,2807200,0.0,0.0
2014-06-13,35.23,35.740002,35.150002,35.68,34.625916,3007300,0.0,0.0
2014-06-16,35.48,35.900002,35.369999,35.700001,34.645317,2306200,0.0,0.0
2014-06-17,35.549999,36.959999,35.48,36.790001,35.703129,5933600,0.0,0.0
2014-06-18,36.68,37.189999,36.509998,37.150002,36.052479,4080600,0.0,0.0
2014-06-19,37.110001,37.259998,36.66,37.07,35.97485,3328200,0.0,0.0
2014-06-20,37.240002,37.240002,36.849998,37.139999,36.042778,4861400,0.0,0.0
2014-06-23,36.98,37.110001,36.82,36.900002,35.809875,2719700,0.0,0.0
2014-06-24,36.759998,36.950001,36.349998,36.360001,35.28582,4090500,0.0,0.0
2014-06-25,36.419998,36.75,36.169998,36.509998,35.431393,2965700,0.0,0.0
2014-06-26,36.560001,36.580002,36.119999,36.27,35.198475,2194600,0.0,0.0
2014-06-27,36.259998,36.470001,35.740002,35.889999,34.829712,6837000,0.0,0.0
2014-06-30,35.919998,36.0,35.560001,35.869999,34.810303,3521700,0.0,0.0
2014-07-01,36.029999,36.599998,35.700001,36.41,35.334343,3302300,0.0,0.0
2014-07-02,36.400002,36.849998,36.349998,36.759998,35.673996,2390800,0.0,0.0
2014-07-03,36.799999,37.029999,36.549999,36.919998,35.829277,1161900,0.0,0.0
2014-07-07,36.75,36.91,36.060001,36.16,35.091728,2647100,0.0,0.0
2014-07-08,36.369999,36.369999,35.080002,35.290001,34.247433,3791300,0.0,0.0
2014-07-09,35.630001,35.759998,35.290001,35.52,34.470642,3201300,0.0,0.0
2014-07-10,35.040001,36.049999,34.93,35.849998,34.790878,3330600,0.0,0.0
2014-07-11,35.84,35.990002,35.630001,35.970001,34.907352,1825000,0.0,0.0
2014-07-14,36.349998,36.66,36.099998,36.549999,35.470207,2445300,0.0,0.0
2014-07-15,36.360001,36.73,35.799999,36.18,35.111145,2540000,0.0,0.0
2014-07-16,36.450001,37.299999,36.349998,37.119999,36.023369,3493300,0.0,0.0
2014-07-17,36.630001,37.720001,36.630001,37.060001,35.965141,3537000,0.0,0.0
2014-07-18,37.029999,38.57,36.990002,38.380001,37.246151,5499500,0.0,0.0
2014-07-21,38.099998,38.619999,37.790001,38.419998,37.284954,4409600,0.0,0.0
2014-07-22,38.580002,38.639999,37.959999,38.419998,37.284954,6068100,0.0,0.0
2014-07-23,37.43,37.779999,35.98,36.040001,34.975273,13034100,0.0,0.0
2014-07-24,36.330002,36.950001,36.080002,36.84,35.75164,6046000,0.0,0.0
2014-07-25,36.48,36.66,35.889999,36.040001,34.975273,4059600,0.0,0.0
2014-07-28,36.02,36.040001,35.080002,35.09,34.053349,9702400,0.0,0.0
2014-07-29,35.23,35.299999,34.150002,34.34,33.325493,9114000,0.0,0.0
2014-07-30,34.5,34.57,34.310001,34.5,33.480766,4996500,0.0,0.0
2014-07-31,34.240002,34.369999,33.580002,33.599998,32.607361,3897800,0.0,0.0
2014-08-01,33.549999,34.049999,33.459999,33.709999,32.714111,4239200,0.0,0.0
2014-08-04,33.560001,34.299999,33.560001,34.18,33.170227,3674700,0.0,0.0
2014-08-05,34.060001,34.330002,33.669998,34.130001,33.121704,3654800,0.0,0.0
2014-08-06,34.09,34.34,33.82,34.27,33.257568,3240800,0.0,0.0
2014-08-07,34.369999,34.52,33.169998,33.310001,32.325924,4039600,0.0,0.0
2014-08-08,33.349998,34.330002,33.009998,34.290001,33.276981,3802600,0.0,0.0
2014-08-11,34.34,35.130001,34.34,35.07,34.033932,4426800,0.0,0.0
2014-08-12,35.049999,35.880001,34.91,35.549999,34.499752,5650600,0.0,0.0
2014-08-13,35.59,36.439999,35.380001,36.41,35.334343,4110200,0.0,0.0
2014-08-14,36.380001,36.700001,36.349998,36.59,35.509029,2667100,0.0,0.0
2014-08-15,36.779999,36.799999,35.869999,36.139999,35.07233,3576700,0.0,0.0
2014-08-18,36.860001,36.860001,36.240002,36.669998,35.586662,2373300,0.0,0.0
2014-08-19,36.619999,37.220001,36.580002,37.009998,35.916622,4241100,0.0,0.0
2014-08-20,37.0,37.59,36.919998,37.560001,36.450371,2951000,0.0,0.0
2014-08-21,37.669998,37.830002,37.189999,37.759998,36.644455,3024800,0.0,0.0
2014-08-22,37.720001,38.209999,37.650002,38.16,37.03265,3312300,0.0,0.0
2014-08-25,38.349998,38.389999,37.560001,37.619999,36.508598,2543800,0.0,0.0
2014-08-26,37.689999,37.759998,37.310001,37.560001,36.450371,1672900,0.0,0.0
2014-08-27,37.5,37.650002,36.98,37.220001,36.120411,2144100,0.0,0.0
2014-08-28,37.080002,37.18,36.84,37.099998,36.00396,1866800,0.0,0.0
2014-08-29,36.75,37.860001,36.73,37.84,36.722095,2796100,0.0,0.0
2014-09-02,37.82,38.029999,37.540001,38.009998,36.887081,4259000,0.0,0.0
2014-09-03,38.189999,38.299999,37.849998,37.889999,36.770611,2307100,0.0,0.0
2014-09-04,38.060001,38.18,37.290001,37.360001,36.256287,3014100,0.0,0.0
2014-09-05,37.299999,37.689999,37.130001,37.689999,36.576546,1772500,0.0,0.0
2014-09-08,37.619999,38.099998,37.529999,38.0,36.877369,2971700,0.0,0.0
2014-09-09,37.950001,37.950001,37.389999,37.450001,36.343628,2698400,0.0,0.0
2014-09-10,37.540001,37.900002,37.450001,37.810001,36.692997,2653500,0.0,0.0
2014-09-11,37.549999,38.07,37.5,38.040001,36.916195,2402700,0.0,0.0
2014-09-12,37.93,37.959999,36.84,37.16,36.062191,3462100,0.0,0.0
2014-09-15,37.27,37.299999,36.189999,36.529999,35.450794,2947400,0.0,0.0
2014-09-16,36.400002,37.25,36.330002,37.02,35.926323,2299800,0.0,0.0
2014-09-17,36.810001,37.470001,36.279999,36.41,35.334343,6665700,0.0,0.0
2014-09-18,36.490002,37.310001,36.419998,37.25,36.149536,2425000,0.0,0.0
2014-09-19,37.43,37.450001,36.700001,36.709999,35.625473,3388300,0.0,0.0
2014-09-22,36.68,36.810001,36.23,36.610001,35.528442,1746200,0.0,0.0
2014-09-23,36.57,37.02,36.380001,36.669998,35.586662,2523900,0.0,0.0
2014-09-24,36.77,36.919998,36.529999,36.869999,35.780754,1421300,0.0,0.0
2014-09-25,36.639999,36.93,35.77,35.82,34.761776,3089300,0.0,0.0
2014-09-26,35.959999,36.119999,35.57,35.959999,34.89764,2217600,0.0,0.0
2014-09-29,35.560001,35.950001,35.299999,35.779999,34.722958,2068100,0.0,0.0
2014-09-30,35.779999,36.119999,35.509998,35.610001,34.557972,2146400,0.0,0.0
2014-10-01,35.540001,35.580002,34.830002,35.139999,34.101864,2538700,0.0,0.0
2014-10-02,35.09,35.849998,34.82,35.59,34.538574,2631300,0.0,0.0
2014-10-03,35.869999,36.009998,35.529999,35.950001,34.887928,2467100,0.0,0.0
2014-10-06,36.099998,36.299999,35.810001,36.0,34.936459,1790700,0.0,0.0
2014-10-07,35.68,36.0,34.900002,34.919998,33.888363,3094500,0.0,0.0
2014-10-08,34.93,35.310001,34.32,35.279999,34.237732,3844400,0.0,0.0
2014-10-09,35.400002,36.040001,34.810001,35.009998,33.975708,2833400,0.0,0.0
2014-10-10,35.509998,35.720001,34.509998,34.529999,33.509888,4095600,0.0,0.0
2014-10-13,34.459999,34.700001,33.189999,33.23,32.24828,4231800,0.0,0.0
2014-10-14,33.59,33.779999,32.389999,32.740002,31.772772,5577600,0.0,0.0
2014-10-15,32.240002,33.540001,31.77,33.380001,32.393856,5765500,0.0,0.0
2014-10-16,32.709999,33.330002,32.43,32.619999,31.656309,4259000,0.0,0.0
2014-10-17,33.009998,34.779999,32.75,34.279999,33.267281,4881900,0.0,0.0
2014-10-20,34.139999,35.049999,34.110001,34.93,33.898067,3344100,0.0,0.0
2014-10-21,35.09,35.700001,35.029999,35.689999,34.63562,2681300,0.0,0.0
2014-10-22,35.68,35.860001,34.990002,35.049999,34.014519,2203700,0.0,0.0
2014-10-23,35.43,36.48,35.200001,36.240002,35.169369,3083300,0.0,0.0
2014-10-24,36.189999,36.639999,35.98,36.349998,35.276112,2413100,0.0,0.0
2014-10-27,36.130001,37.150002,35.990002,36.869999,35.780754,2763300,0.0,0.0
2014-10-28,36.869999,37.66,36.869999,37.48,36.372738,4608000,0.0,0.0
2014-10-29,38.82,40.34,38.669998,38.91,37.760483,10615200,0.0,0.0
2014-10-30,38.639999,39.860001,38.52,39.849998,38.672718,6688100,0.0,0.0
2014-10-31,40.099998,41.349998,40.099998,40.970001,39.759628,5966300,0.0,0.0
2014-11-03,41.16,41.450001,40.720001,40.959999,39.749916,4294700,0.0,0.0
2014-11-04,40.75,41.0,40.400002,40.639999,39.439381,4099400,0.0,0.0
2014-11-05,40.919998,41.080002,40.18,40.73,39.526722,2691900,0.0,0.0
2014-11-06,40.77,41.139999,40.720001,40.799999,39.59465,2099100,0.0,0.0
2014-11-07,40.740002,41.0,40.110001,40.939999,39.730511,3717600,0.0,0.0
2014-11-10,40.98,41.43,40.610001,41.259998,40.041058,4467300,0.0,0.0
2014-11-11,41.290001,41.419998,41.02,41.139999,39.924603,2150700,0.0,0.0
2014-11-12,41.060001,41.279999,40.580002,41.200001,39.982845,2827700,0.0,0.0
2014-11-13,41.34,41.720001,41.07,41.450001,40.225445,3780900,0.0,0.0
2014-11-14,41.5,41.639999,40.869999,41.470001,40.244862,3687600,0.0,0.0
2014-11-17,41.400002,41.950001,41.200001,41.400002,40.176937,2293300,0.0,0.0
2014-11-18,41.82,42.889999,41.720001,42.869999,41.6035,4571800,0.0,0.0
2014-11-19,42.869999,43.73,42.349998,43.450001,42.166374,6215300,0.0,0.0
2014-11-20,43.259998,43.48,43.07,43.150002,41.875237,5915400,0.0,0.0
2014-11-21,43.669998,44.060001,43.25,43.5,42.214882,3328500,0.0,0.0
2014-11-24,43.560001,43.790001,43.389999,43.599998,42.311928,3128100,0.0,0.0
2014-11-25,43.619999,44.5,43.57,44.009998,42.709816,4211900,0.0,0.0
2014-11-26,43.93,43.970001,43.52,43.68,42.389576,3562700,0.0,0.0
2014-11-28,44.09,44.189999,43.560001,43.93,42.632175,2135100,0.0,0.0
2014-12-01,43.759998,43.860001,43.040001,43.150002,41.875237,3683500,0.0,0.0
2014-12-02,43.209999,43.84,43.130001,43.630001,42.341045,2944100,0.0,0.0
2014-12-03,43.439999,46.23,43.439999,45.990002,44.631321,7562700,0.0,0.0
2014-12-04,45.799999,46.98,45.48,46.490002,45.116562,6607800,0.0,0.0
2014-12-05,46.52,47.130001,46.16,46.66,45.281528,3777700,0.0,0.0
2014-12-08,46.439999,46.57,45.689999,46.009998,44.650726,4087600,0.0,0.0
2014-12-09,45.560001,45.860001,44.950001,45.580002,44.233437,5206400,0.0,0.0
2014-12-10,45.529999,45.939999,44.560001,44.759998,43.437672,4254300,0.0,0.0
2014-12-11,44.830002,45.73,44.82,45.119999,43.787022,2814300,0.0,0.0
2014-12-12,44.73,45.790001,44.540001,44.900002,43.573528,3546400,0.0,0.0
2014-12-15,45.0,46.389999,44.93,45.450001,44.107281,5530700,0.0,0.0
2014-12-16,45.23,46.18,44.869999,45.450001,44.107281,5673300,0.0,0.0
2014-12-17,45.5,46.5,45.220001,46.060001,44.699265,5668100,0.0,0.0
2014-12-18,46.169998,47.259998,46.169998,47.240002,45.844398,6805100,0.0,0.0
2014-12-19,47.5,47.689999,47.060001,47.459999,46.057903,9988300,0.0,0.0
2014-12-22,47.68,48.360001,47.490002,47.849998,46.436382,3072000,0.0,0.0
2014-12-23,47.98,48.34,47.41,47.84,46.426666,2993000,0.0,0.0
2014-12-24,47.959999,48.310001,47.860001,48.060001,46.640182,844900,0.0,0.0
2014-12-26,48.080002,48.529999,47.779999,48.330002,46.902203,1161700,0.0,0.0
2014-12-29,48.330002,48.52,47.52,47.59,46.184055,1750300,0.0,0.0
2014-12-30,47.619999,47.799999,47.25,47.380001,45.980259,1796100,0.0,0.0
2014-12-31,47.5,47.950001,46.970001,47.02,45.630898,1842300,0.0,0.0
2015-01-02,47.189999,47.669998,46.580002,46.869999,45.485321,1959800,0.0,0.0
2015-01-05,46.959999,47.34,46.52,46.57,45.194195,2727600,0.0,0.0
2015-01-06,46.869999,47.330002,45.419998,45.959999,44.602215,4418900,0.0,0.0
2015-01-07,46.27,47.029999,46.099998,46.810001,45.427113,4849400,0.0,0.0
2015-01-08,47.009998,48.25,47.009998,48.130001,46.708103,3877000,0.0,0.0
2015-01-09,48.049999,48.25,47.07,47.509998,46.106419,3181400,0.0,0.0
2015-01-12,47.549999,47.619999,46.509998,47.060001,45.66972,2158300,0.0,0.0
2015-01-13,47.59,48.18,46.02,46.419998,45.048615,3287300,0.0,0.0
2015-01-14,45.52,46.950001,45.209999,46.900002,45.514439,3100400,0.0,0.0
2015-01-15,46.93,46.990002,45.990002,46.639999,45.262119,3073500,0.0,0.0
2015-01-16,46.669998,48.16,46.259998,48.09,46.669285,3220000,0.0,0.0
2015-01-20,48.240002,48.59,47.509998,47.810001,46.397568,4049400,0.0,0.0
2015-01-21,47.709999,48.490002,47.290001,48.07,46.649872,4209300,0.0,0.0
2015-01-22,48.34,49.400002,47.919998,49.360001,47.901775,3478700,0.0,0.0
2015-01-23,49.43,50.41,49.330002,49.790001,48.319057,5258600,0.0,0.0
2015-01-26,49.299999,49.790001,48.790001,49.48,48.018223,4310900,0.0,0.0
2015-01-27,48.799999,49.169998,48.220001,48.41,46.979832,5998000,0.0,0.0
2015-01-28,51.860001,55.169998,51.220001,54.610001,52.99667,16170000,0.0,0.0
2015-01-29,54.43,55.580002,53.880001,55.330002,53.6954,8256700,0.0,0.0
2015-01-30,55.0,55.799999,54.470001,54.860001,53.239281,5048600,0.0,0.0
2015-02-02,55.029999,55.110001,53.549999,54.970001,53.346043,5238900,0.0,0.0
2015-02-03,55.040001,55.25,53.970001,54.52,52.909332,4349100,0.0,0.0
2015-02-04,54.540001,55.279999,54.040001,54.560001,52.948139,3670300,0.0,0.0
2015-02-05,54.73,56.700001,54.610001,56.389999,54.724083,4959300,0.0,0.0
2015-02-06,56.279999,56.950001,54.799999,55.139999,53.511005,4833600,0.0,0.0
2015-02-09,54.700001,55.0,54.080002,54.279999,52.676418,3216000,0.0,0.0
2015-02-10,54.470001,55.080002,53.860001,54.759998,53.142231,3769500,0.0,0.0
2015-02-11,54.869999,55.279999,54.52,54.950001,53.32663,2193000,0.0,0.0
2015-02-12,55.290001,56.639999,55.220001,56.200001,54.539692,3783200,0.0,0.0
2015-02-13,56.349998,56.91,55.639999,56.389999,54.724083,2907200,0.0,0.0
2015-02-17,56.459999,56.900002,55.939999,56.759998,55.083157,3174000,0.0,0.0
2015-02-18,56.580002,57.619999,56.52,57.610001,55.908035,3469500,0.0,0.0
2015-02-19,57.610001,57.700001,57.080002,57.139999,55.451923,3000800,0.0,0.0
2015-02-20,57.139999,57.720001,56.669998,57.669998,55.966259,2284400,0.0,0.0
2015-02-23,57.830002,57.900002,57.200001,57.549999,55.849812,1833400,0.0,0.0
2015-02-24,57.400002,57.810001,57.139999,57.630001,55.927444,3351900,0.0,0.0
2015-02-25,57.650002,57.84,57.009998,57.389999,55.694527,2556900,0.0,0.0
2015-02-26,57.490002,58.869999,57.360001,57.73,56.024494,2751300,0.0,0.0
2015-02-27,56.810001,57.759998,56.549999,57.18,55.490746,2955000,0.0,0.0
2015-03-02,57.18,57.799999,56.990002,57.450001,55.752777,1606700,0.0,0.0
2015-03-03,57.25,57.360001,56.330002,56.669998,54.9958,1980900,0.0,0.0
2015-03-04,56.48,57.209999,56.220001,57.200001,55.510147,2631100,0.0,0.0
2015-03-05,57.189999,57.830002,57.009998,57.380001,55.68483,1998700,0.0,0.0
2015-03-06,57.220001,57.220001,56.169998,56.360001,54.694962,1769400,0.0,0.0
2015-03-09,56.389999,56.919998,56.25,56.669998,54.9958,2344000,0.0,0.0
2015-03-10,55.380001,56.0,54.509998,55.049999,53.423668,4566900,0.0,0.0
2015-03-11,54.799999,56.130001,54.75,55.09,53.462482,2814500,0.0,0.0
2015-03-12,55.490002,55.490002,54.790001,55.060001,53.433376,2891200,0.0,0.0
2015-03-13,55.049999,56.369999,54.849998,55.299999,53.666286,3546400,0.0,0.0
2015-03-16,55.619999,56.459999,55.509998,55.82,54.170921,2821000,0.0,0.0
2015-03-17,55.259998,55.41,54.029999,54.169998,52.569664,4692900,0.0,0.0
2015-03-18,54.23,55.790001,54.02,55.630001,53.98653,7023000,0.0,0.0
2015-03-19,55.599998,56.349998,55.380001,55.959999,54.306782,2384900,0.0,0.0
2015-03-20,56.400002,57.48,56.32,57.279999,55.587791,4443500,0.0,0.0
2015-03-23,57.439999,57.970001,57.27,57.27,55.578079,2146900,0.0,0.0
2015-03-24,57.43,58.380001,57.110001,57.959999,56.2477,3347900,0.0,0.0
2015-03-25,57.880001,58.25,56.07,56.09,54.432949,2855900,0.0,0.0
2015-03-26,55.290001,56.299999,54.689999,56.080002,54.423252,3926700,0.0,0.0
2015-03-27,56.43,58.279999,56.200001,58.240002,56.519421,4672100,0.0,0.0
2015-03-30,58.720001,60.209999,58.580002,59.470001,57.713097,4117500,0.0,0.0
2015-03-31,59.0,59.439999,58.490002,58.82,57.082283,2471000,0.0,0.0
2015-04-01,58.939999,58.959999,57.169998,57.279999,55.587791,4341100,0.0,0.0
2015-04-02,57.240002,57.98,56.950001,57.650002,55.946857,2709500,0.0,0.0
2015-04-06,57.110001,58.07,57.009998,57.119999,55.43251,2374900,0.0,0.0
2015-04-07,57.040001,58.139999,56.970001,57.799999,56.092422,2071200,0.0,0.0
2015-04-08,57.810001,58.34,57.610001,58.150002,56.432087,2091300,0.0,0.0
2015-04-09,57.98,58.849998,57.32,57.5,55.801292,2008100,0.0,0.0
2015-04-10,57.740002,58.389999,57.25,58.360001,56.635883,2546800,0.0,0.0
2015-04-13,58.290001,58.439999,57.23,57.330002,55.636307,1577800,0.0,0.0
2015-04-14,57.290001,57.98,56.639999,57.07,55.383987,2287400,0.0,0.0
2015-04-15,57.139999,57.689999,56.619999,56.860001,55.180183,2361300,0.0,0.0
2015-04-16,56.82,57.049999,56.610001,56.860001,55.180183,1372200,0.0,0.0
2015-04-17,56.400002,56.580002,55.52,56.029999,54.374714,2853600,0.0,0.0
2015-04-20,56.439999,57.32,56.099998,57.290001,55.597485,2048600,0.0,0.0
2015-04-21,57.540001,59.130001,57.360001,59.029999,57.286087,4089800,0.0,0.0
2015-04-22,59.34,59.889999,59.029999,59.810001,58.043045,2569200,0.0,0.0
2015-04-23,59.759998,60.279999,59.439999,59.880001,58.110981,2476500,0.0,0.0
2015-04-24,59.900002,59.91,59.380001,59.889999,58.120674,1824100,0.0,0.0
2015-04-27,59.990002,60.630001,59.689999,59.84,58.072155,3178200,0.0,0.0
2015-04-28,59.700001,60.139999,58.619999,59.110001,57.363731,2695900,0.0,0.0
2015-04-29,58.880001,59.509998,58.200001,58.619999,56.888206,1959600,0.0,0.0
2015-04-30,58.369999,58.869999,57.630001,58.09,56.373863,2578400,0.0,0.0
2015-05-01,58.25,59.52,58.110001,59.330002,57.577221,2257800,0.0,0.0
2015-05-04,59.52,59.580002,58.490002,59.310001,57.557823,3425300,0.0,0.0
2015-05-05,59.41,59.68,58.549999,59.16,57.412239,4662300,0.0,0.0
2015-05-06,61.349998,63.25,60.540001,60.93,59.129955,12687900,0.0,0.0
2015-05-07,61.209999,61.450001,60.16,60.27,58.489456,4081500,0.0,0.0
2015-05-08,61.0,62.240002,60.830002,61.880001,60.051891,3324300,0.0,0.0
2015-05-11,61.900002,63.459999,61.599998,62.59,60.740913,4825100,0.0,0.0
2015-05-12,62.240002,62.900002,61.599998,62.459999,60.614754,2674400,0.0,0.0
2015-05-13,62.0,62.220001,60.84,61.73,59.906319,3031600,0.0,0.0
2015-05-14,62.299999,63.119999,61.950001,63.09,61.226143,2962300,0.0,0.0
2015-05-15,62.810001,63.32,62.490002,62.880001,61.022354,1979300,0.0,0.0
2015-05-18,62.549999,63.5,62.540001,63.299999,61.429939,1985900,0.0,0.0
2015-05-19,62.560001,62.98,62.400002,62.610001,60.760323,4319300,0.0,0.0
2015-05-20,62.52,62.630001,61.84,62.240002,60.40126,1796200,0.0,0.0
2015-05-21,62.259998,62.91,61.610001,62.689999,60.837967,2427000,0.0,0.0
2015-05-22,62.599998,63.130001,62.380001,62.560001,60.711803,2137300,0.0,0.0
2015-05-26,62.57,62.970001,62.27,62.529999,60.68269,2305200,0.0,0.0
2015-05-27,62.610001,63.970001,62.610001,63.860001,61.973396,3481500,0.0,0.0
2015-05-28,63.330002,64.300003,63.23,63.27,61.400826,1934100,0.0,0.0
2015-05-29,63.07,64.150002,62.669998,62.759998,60.905891,2381900,0.0,0.0
2015-06-01,63.060001,63.299999,62.200001,62.889999,61.032051,1962400,0.0,0.0
2015-06-02,62.5,63.459999,62.459999,62.98,61.119389,2123400,0.0,0.0
2015-06-03,63.330002,63.689999,63.02,63.369999,61.497868,1221200,0.0,0.0
2015-06-04,63.09,63.450001,62.5,62.630001,60.779736,1385200,0.0,0.0
2015-06-05,62.599998,63.139999,62.09,62.900002,61.041748,2040000,0.0,0.0
2015-06-08,63.07,63.18,61.490002,61.66,59.838394,1956700,0.0,0.0
2015-06-09,61.580002,62.0,61.110001,61.779999,59.954842,1540400,0.0,0.0
2015-06-10,62.139999,62.68,61.509998,62.529999,60.68269,1613300,0.0,0.0
2015-06-11,62.48,62.82,62.150002,62.59,60.740913,1512900,0.0,0.0
2015-06-12,62.540001,63.009998,62.040001,62.75,60.896198,1659200,0.0,0.0
2015-06-15,62.060001,62.060001,61.380001,61.57,59.751053,2074900,0.0,0.0
2015-06-16,61.560001,62.93,61.560001,62.860001,61.002941,2637100,0.0,0.0
2015-06-17,63.07,64.650002,63.040001,64.480003,62.575073,3290400,0.0,0.0
2015-06-18,64.440002,65.669998,64.150002,65.269997,63.341728,3939000,0.0,0.0
2015-06-19,65.269997,66.330002,64.660004,65.949997,64.00164,4141900,0.0,0.0
2015-06-22,66.199997,67.120003,66.010002,66.620003,64.651848,2591700,0.0,0.0
2015-06-23,66.800003,67.489998,66.150002,66.580002,64.613029,2514100,0.0,0.0
2015-06-24,67.730003,68.25,67.059998,67.68,65.680542,3317800,0.0,0.0
2015-06-25,67.940002,68.269997,67.43,67.449997,65.457336,2107800,0.0,0.0
2015-06-26,67.519997,68.0,66.889999,67.629997,65.632034,4895400,0.0,0.0
2015-06-29,66.769997,67.379997,66.080002,66.220001,64.263672,1955900,0.0,0.0
2015-06-30,66.599998,66.980003,66.18,66.5,64.535416,3140100,0.0,0.0
2015-07-01,67.370003,68.220001,67.089996,68.0,65.991112,2618800,0.0,0.0
2015-07-02,68.480003,68.480003,67.220001,67.800003,65.796997,1657900,0.0,0.0
2015-07-06,67.139999,68.300003,67.120003,68.010002,66.000801,3583100,0.0,0.0
2015-07-07,69.059998,69.949997,67.959999,69.889999,67.825249,4895500,0.0,0.0
2015-07-08,69.580002,69.940002,68.82,69.0,66.961533,4506100,0.0,0.0
2015-07-09,69.889999,70.940002,69.68,70.5,68.417221,4400000,0.0,0.0
2015-07-10,71.25,72.5,70.809998,72.07,69.940865,3838700,0.0,0.0
2015-07-13,72.410004,73.849998,72.410004,73.540001,71.367424,3613000,0.0,0.0
2015-07-14,73.559998,73.599998,72.029999,72.25,70.115524,6261300,0.0,0.0
2015-07-15,72.519997,72.989998,72.330002,72.5,70.358147,4733600,0.0,0.0
2015-07-16,72.800003,73.230003,72.400002,72.970001,70.81427,4419000,0.0,0.0
2015-07-17,72.949997,73.550003,72.389999,73.470001,71.299492,3745200,0.0,0.0
2015-07-20,74.480003,74.919998,73.610001,74.790001,72.580505,2703400,0.0,0.0
2015-07-21,75.040001,75.099998,73.339996,73.68,71.503281,2453700,0.0,0.0
2015-07-22,73.639999,73.839996,71.889999,72.919998,70.765724,5244800,0.0,0.0
2015-07-23,73.32,73.580002,71.760002,71.809998,69.68853,3533700,0.0,0.0
2015-07-24,71.809998,72.510002,71.239998,72.290001,70.154343,4286000,0.0,0.0
2015-07-27,72.43,72.839996,70.959999,71.220001,69.115944,3422600,0.0,0.0
2015-07-28,72.019997,72.489998,71.150002,71.800003,69.678825,3383700,0.0,0.0
2015-07-29,71.910004,72.5,71.089996,72.18,70.047607,2676500,0.0,0.0
2015-07-30,72.010002,72.650002,71.029999,72.300003,70.164062,3790100,0.0,0.0
2015-07-31,71.029999,72.730003,70.5,71.550003,69.436218,5699000,0.0,0.0
2015-08-03,71.279999,71.919998,70.139999,70.970001,68.873344,3850200,0.0,0.0
2015-08-04,70.699997,71.940002,70.699997,71.800003,69.678825,2748500,0.0,0.0
2015-08-05,72.370003,75.760002,72.25,75.160004,72.939575,5833000,0.0,0.0
2015-08-06,75.0,75.650002,73.5,74.010002,71.823532,4591900,0.0,0.0
2015-08-07,73.760002,73.940002,72.419998,73.360001,71.192741,3081100,0.0,0.0
2015-08-10,74.199997,74.830002,73.699997,73.970001,71.784721,2849900,0.0,0.0
2015-08-11,73.489998,73.879997,72.860001,73.82,71.63913,2459700,0.0,0.0
2015-08-12,73.190002,73.93,71.699997,73.720001,71.542107,2866100,0.0,0.0
2015-08-13,73.550003,74.120003,73.029999,73.379997,71.212135,1990700,0.0,0.0
2015-08-14,73.419998,73.760002,72.720001,72.82,70.668686,2181500,0.0,0.0
2015-08-17,72.839996,73.900002,72.239998,73.699997,71.52269,2648900,0.0,0.0
2015-08-18,74.110001,74.5,73.18,73.849998,71.668251,2816000,0.0,0.0
2015-08-19,73.550003,73.720001,71.410004,71.610001,69.494423,3176400,0.0,0.0
2015-08-20,70.900002,71.489998,67.610001,67.709999,65.709663,5037200,0.0,0.0
2015-08-21,65.260002,67.239998,64.010002,65.529999,63.594059,5396800,0.0,0.0
2015-08-24,60.25,65.440002,59.470001,63.700001,61.818115,6606300,0.0,0.0
2015-08-25,65.900002,66.279999,63.470001,63.540001,61.662853,5778700,0.0,0.0
2015-08-26,65.5,66.480003,63.66,66.339996,64.380127,4342400,0.0,0.0
2015-08-27,67.150002,67.639999,65.5,67.160004,65.175926,2922100,0.0,0.0
2015-08-28,66.620003,68.470001,66.510002,67.910004,65.903755,2978400,0.0,0.0
2015-08-31,67.099998,67.900002,65.980003,66.150002,64.195747,3049500,0.0,0.0
2015-09-01,64.389999,65.739998,63.029999,63.43,61.556107,5043700,0.0,0.0
2015-09-02,64.43,65.120003,63.970001,64.669998,62.759457,3804900,0.0,0.0
2015-09-03,65.290001,66.5,65.029999,65.790001,63.846371,3482300,0.0,0.0
2015-09-04,64.839996,66.580002,64.440002,66.370003,64.409241,3601000,0.0,0.0
2015-09-08,67.550003,68.610001,67.0,68.5,66.476311,3205700,0.0,0.0
2015-09-09,69.540001,70.169998,67.57,67.779999,65.77758,2357500,0.0,0.0
2015-09-10,67.540001,69.440002,67.540001,68.739998,66.709229,2087400,0.0,0.0
2015-09-11,68.230003,68.970001,67.830002,68.910004,66.874207,1681600,0.0,0.0
2015-09-14,68.860001,69.050003,68.129997,68.349998,66.33075,1682800,0.0,0.0
2015-09-15,68.389999,69.660004,68.309998,69.379997,67.330322,1729000,0.0,0.0
2015-09-16,69.709999,70.419998,69.089996,70.279999,68.203728,2184200,0.0,0.0
2015-09-17,70.220001,71.989998,69.870003,71.059998,68.960693,2263900,0.0,0.0
2015-09-18,70.349998,71.220001,69.75,70.07,67.999939,3503100,0.0,0.0
2015-09-21,70.410004,71.610001,70.059998,70.580002,68.494865,2078200,0.0,0.0
2015-09-22,69.550003,70.269997,68.220001,68.690002,66.660698,2412500,0.0,0.0
2015-09-23,68.849998,69.779999,68.589996,69.459999,67.407951,2862100,0.0,0.0
2015-09-24,68.860001,69.279999,67.669998,68.809998,66.777168,2113400,0.0,0.0
2015-09-25,69.970001,70.830002,68.970001,69.489998,67.437073,2800400,0.0,0.0
2015-09-28,68.949997,69.220001,65.949997,66.459999,64.496559,2622300,0.0,0.0
2015-09-29,67.0,67.360001,65.550003,66.0,64.050171,2251900,0.0,0.0
2015-09-30,66.809998,67.870003,66.489998,67.75,65.748466,2394000,0.0,0.0
2015-10-01,68.040001,68.040001,66.440002,67.199997,65.214722,2915900,0.0,0.0
2015-10-02,66.360001,66.5,64.839996,66.489998,64.525711,3047600,0.0,0.0
2015-10-05,67.330002,68.099998,66.970001,67.589996,65.593201,2736900,0.0,0.0
2015-10-06,67.410004,68.089996,66.339996,66.550003,64.583939,1772300,0.0,0.0
2015-10-07,66.559998,66.839996,65.190002,66.110001,64.156921,3694100,0.0,0.0
2015-10-08,65.900002,66.099998,64.699997,65.800003,63.856071,2459600,0.0,0.0
2015-10-09,65.589996,65.639999,64.540001,65.040001,63.118538,4272200,0.0,0.0
2015-10-12,65.129997,68.25,64.650002,68.110001,66.097839,4131800,0.0,0.0
2015-10-13,68.0,69.150002,67.339996,68.419998,66.398689,3374800,0.0,0.0
2015-10-14,68.379997,71.300003,68.089996,70.57,68.485168,4007000,0.0,0.0
2015-10-15,71.019997,71.489998,70.18,70.970001,68.873344,2690800,0.0,0.0
2015-10-16,70.779999,71.779999,70.260002,71.709999,69.591492,2872100,0.0,0.0
2015-10-19,71.900002,73.540001,71.510002,72.290001,70.154343,3500000,0.0,0.0
2015-10-20,72.599998,73.089996,71.300003,72.300003,70.164062,2169400,0.0,0.0
2015-10-21,72.68,73.440002,72.0,72.790001,70.639572,2332400,0.0,0.0
2015-10-22,73.099998,74.849998,73.019997,74.540001,72.337891,2980900,0.0,0.0
2015-10-23,75.0,75.489998,74.440002,74.919998,72.706642,3279000,0.0,0.0
2015-10-26,75.0,75.43,73.760002,74.080002,71.891472,2476000,0.0,0.0
2015-10-27,73.910004,75.580002,73.699997,75.269997,73.046318,2693600,0.0,0.0
2015-10-28,76.0,76.800003,75.07,76.769997,74.501991,3323800,0.0,0.0
2015-10-29,76.5,76.919998,75.360001,76.059998,73.812973,3248000,0.0,0.0
2015-10-30,75.0,75.599998,70.629997,72.07,69.940865,11133200,0.0,0.0
2015-11-02,72.599998,74.889999,71.879997,72.0,69.872917,4709900,0.0,0.0
2015-11-03,71.82,72.739998,70.339996,71.900002,69.775856,4237400,0.0,0.0
2015-11-04,71.93,74.32,71.730003,74.290001,72.095261,3574100,0.0,0.0
2015-11-05,74.75,74.93,73.120003,74.059998,71.872055,2057100,0.0,0.0
2015-11-06,73.830002,74.190002,72.239998,72.379997,70.241684,3192400,0.0,0.0
2015-11-09,72.370003,72.379997,70.160004,70.940002,68.844231,3036100,0.0,0.0
2015-11-10,70.599998,70.940002,69.849998,70.830002,68.737473,2150500,0.0,0.0
2015-11-11,70.790001,71.699997,69.870003,71.300003,69.193604,2307200,0.0,0.0
2015-11-12,71.360001,72.699997,70.540001,71.660004,69.542953,3083100,0.0,0.0
2015-11-13,71.309998,72.040001,69.839996,69.889999,67.825249,3557400,0.0,0.0
2015-11-16,69.980003,70.160004,66.68,67.989998,65.981377,6314500,0.0,0.0
2015-11-17,65.080002,69.059998,64.910004,68.099998,66.08812,5890600,0.0,0.0
2015-11-18,68.160004,68.599998,66.839996,68.419998,66.398689,3259900,0.0,0.0
2015-11-19,68.949997,71.269997,68.239998,71.080002,68.98011,4413900,0.0,0.0
2015-11-20,71.440002,72.779999,70.139999,72.419998,70.280518,4295800,0.0,0.0
2015-11-23,72.639999,73.860001,67.599998,68.980003,66.942123,11898700,0.0,0.0
2015-11-24,68.43,68.690002,66.910004,67.059998,65.078857,5144400,0.0,0.0
2015-11-25,67.300003,69.800003,66.699997,69.510002,67.456474,3600700,0.0,0.0
2015-11-27,69.629997,70.550003,68.459999,68.879997,66.8451,1485500,0.0,0.0
2015-11-30,69.190002,69.639999,67.580002,67.790001,65.7873,5245300,0.0,0.0
2015-12-01,68.040001,69.290001,67.400002,68.629997,66.60247,3703000,0.0,0.0
2015-12-02,69.010002,69.550003,68.589996,69.339996,67.291489,4953200,0.0,0.0
2015-12-03,69.540001,70.449997,66.93,67.220001,65.234146,3862100,0.0,0.0
2015-12-04,68.379997,70.669998,68.379997,70.379997,68.300758,3897100,0.0,0.0
2015-12-07,70.739998,71.940002,70.349998,70.790001,68.698662,3654800,0.0,0.0
2015-12-08,70.400002,71.169998,69.949997,70.989998,68.892754,4446600,0.0,0.0
2015-12-09,70.75,70.989998,66.620003,67.089996,65.107964,8308200,0.0,0.0
2015-12-10,67.510002,67.889999,66.080002,66.370003,64.409241,3396400,0.0,0.0
2015-12-11,67.489998,69.650002,66.709999,67.169998,65.1856,6058300,0.0,0.0
2015-12-14,67.349998,69.980003,67.349998,69.660004,67.602036,4634100,0.0,0.0
2015-12-15,70.519997,73.589996,69.849998,72.330002,70.193146,6754300,0.0,0.0
2015-12-16,73.07,73.480003,69.330002,72.040001,69.911728,4829000,0.0,0.0
2015-12-17,72.209999,72.720001,71.099998,71.120003,69.018913,3037800,0.0,0.0
2015-12-18,70.629997,71.120003,68.940002,68.980003,66.942123,4941800,0.0,0.0
2015-12-21,69.440002,69.889999,67.400002,68.709999,66.680122,2873100,0.0,0.0
2015-12-22,69.300003,69.449997,68.32,69.07,67.02948,1650800,0.0,0.0
2015-12-23,69.5,69.769997,67.800003,68.639999,66.61219,2424700,0.0,0.0
2015-12-24,68.690002,69.300003,67.739998,68.949997,66.913017,1019900,0.0,0.0
2015-12-28,68.589996,69.209999,68.050003,69.190002,67.145927,1149000,0.0,0.0
2015-12-29,69.5,70.239998,69.199997,69.849998,67.786453,1467000,0.0,0.0
2015-12-30,69.889999,70.360001,69.540001,69.650002,67.592339,1430800,0.0,0.0
2015-12-31,69.440002,69.669998,68.709999,68.720001,66.689819,1144000,0.0,0.0
2016-01-04,67.18,67.57,65.099998,66.099998,64.147202,4053000,0.0,0.0
2016-01-05,66.099998,66.82,64.839996,64.940002,63.021488,3304600,0.0,0.0
2016-01-06,63.610001,64.290001,62.560001,63.68,61.798714,3764500,0.0,0.0
2016-01-07,62.32,64.709999,61.549999,62.459999,60.614754,4369300,0.0,0.0
2016-01-08,63.209999,65.010002,62.950001,63.130001,61.264969,3909700,0.0,0.0
2016-01-11,63.389999,64.809998,63.25,64.209999,62.313049,3742200,0.0,0.0
2016-01-12,64.660004,66.089996,64.639999,65.620003,63.6814,3469400,0.0,0.0
2016-01-13,66.260002,66.589996,63.18,63.380001,61.507572,3957400,0.0,0.0
2016-01-14,63.299999,64.959999,61.5,64.480003,62.575073,4446600,0.0,0.0
2016-01-15,64.339996,66.709999,63.509998,66.059998,64.108406,8580700,0.0,0.0
2016-01-19,66.839996,68.239998,66.419998,67.370003,65.379715,5040300,0.0,0.0
2016-01-20,66.199997,67.690002,65.040001,66.849998,64.875053,4663500,0.0,0.0
2016-01-21,67.190002,67.559998,65.790001,67.029999,65.049736,3894400,0.0,0.0
2016-01-22,68.0,69.400002,67.300003,69.360001,67.310921,3969300,0.0,0.0
2016-01-25,69.290001,70.489998,68.760002,69.919998,67.854378,5422500,0.0,0.0
2016-01-26,69.900002,71.489998,69.610001,70.830002,68.737473,5543000,0.0,0.0
2016-01-27,70.889999,71.349998,69.260002,69.489998,67.437073,4291000,0.0,0.0
2016-01-28,70.699997,71.029999,68.720001,69.790001,67.72821,5967200,0.0,0.0
2016-01-29,67.440002,67.480003,62.799999,64.550003,62.643002,17918900,0.0,0.0
2016-02-01,64.169998,65.440002,63.310001,64.199997,62.303352,6740000,0.0,0.0
2016-02-02,63.869999,63.990002,60.130001,60.66,58.867935,7815800,0.0,0.0
2016-02-03,61.77,61.919998,58.73,59.610001,57.848946,9419400,0.0,0.0
2016-02-04,59.439999,59.860001,57.52,58.73,56.994949,8686800,0.0,0.0
2016-02-05,58.369999,58.57,54.849998,55.5,53.860367,7717600,0.0,0.0
2016-02-08,54.389999,56.57,53.009998,56.32,54.656151,8224100,0.0,0.0
2016-02-09,56.259998,59.189999,55.82,58.25,56.529137,9007900,0.0,0.0
2016-02-10,59.34,60.07,58.66,58.98,57.237564,4990600,0.0,0.0
2016-02-11,57.959999,59.110001,57.759998,58.189999,56.470917,6672900,0.0,0.0
2016-02-12,58.049999,59.369999,57.32,59.25,57.49958,5256100,0.0,0.0
2016-02-16,59.830002,60.0,58.880001,59.360001,57.606342,3909400,0.0,0.0
2016-02-17,60.25,60.540001,58.810001,59.84,58.072155,4962600,0.0,0.0
2016-02-18,59.57,59.919998,58.23,58.349998,56.626179,5122700,0.0,0.0
2016-02-19,58.34,59.900002,58.099998,59.57,57.810135,5700800,0.0,0.0
2016-02-22,60.07,63.310001,59.970001,63.27,61.400826,6881900,0.0,0.0
2016-02-23,63.0,63.330002,61.459999,61.52,59.70253,4817100,0.0,0.0
2016-02-24,60.919998,63.48,60.709999,63.200001,61.332893,4455700,0.0,0.0
2016-02-25,63.549999,64.720001,63.34,64.68,62.769173,4277300,0.0,0.0
2016-02-26,64.809998,65.110001,63.77,64.449997,62.545967,3260200,0.0,0.0
2016-02-29,63.970001,65.25,63.970001,64.239998,62.342171,3436600,0.0,0.0
2016-03-01,64.449997,65.690002,64.260002,65.480003,63.545544,3437100,0.0,0.0
2016-03-02,65.18,66.25,64.629997,66.089996,64.137505,3354600,0.0,0.0
2016-03-03,65.800003,66.010002,64.18,64.800003,62.885635,3946600,0.0,0.0
2016-03-04,64.410004,64.860001,63.080002,64.43,62.526558,3704300,0.0,0.0
2016-03-07,63.889999,64.43,62.91,63.59,61.711372,2840900,0.0,0.0
2016-03-08,63.049999,64.18,62.599998,62.959999,61.099987,3570600,0.0,0.0
2016-03-09,63.189999,64.040001,62.740002,63.919998,62.031624,3124000,0.0,0.0
2016-03-10,64.150002,64.419998,62.580002,63.5,61.624031,3274100,0.0,0.0
2016-03-11,63.830002,64.650002,63.529999,64.470001,62.565372,2586300,0.0,0.0
2016-03-14,63.810001,65.309998,63.810001,64.790001,62.875935,1858500,0.0,0.0
2016-03-15,64.190002,65.900002,64.190002,65.720001,63.778442,2475900,0.0,0.0
2016-03-16,65.629997,66.169998,64.57,66.0,64.050171,2210600,0.0,0.0
2016-03-17,65.089996,65.75,63.240002,64.669998,62.759457,4905000,0.0,0.0
2016-03-18,64.900002,65.32,63.82,64.32,62.419807,4186100,0.0,0.0
2016-03-21,64.050003,64.400002,63.509998,63.939999,62.051037,2437100,0.0,0.0
2016-03-22,63.700001,64.279999,63.27,63.869999,61.983097,2842700,0.0,0.0
2016-03-23,63.900002,65.5,63.580002,65.050003,63.128242,3352400,0.0,0.0
2016-03-24,64.599998,65.730003,64.07,64.239998,62.342171,3087800,0.0,0.0
2016-03-28,64.129997,65.019997,63.599998,64.639999,62.730358,2305600,0.0,0.0
2016-03-29,64.510002,66.379997,64.440002,66.029999,64.079292,3287500,0.0,0.0
2016-03-30,66.730003,67.160004,66.279999,66.410004,64.448059,2458300,0.0,0.0
2016-03-31,66.330002,67.099998,65.699997,66.110001,64.156921,2265000,0.0,0.0
2016-04-01,65.360001,66.120003,65.129997,65.919998,63.972549,2160500,0.0,0.0
2016-04-04,66.0,66.489998,65.379997,65.739998,63.797859,2029600,0.0,0.0
2016-04-05,65.099998,65.959999,65.050003,65.449997,63.516415,2281800,0.0,0.0
2016-04-06,65.669998,66.07,65.25,65.830002,63.885201,1652900,0.0,0.0
2016-04-07,65.699997,65.910004,63.669998,63.93,62.041321,2921700,0.0,0.0
2016-04-08,64.120003,64.699997,63.279999,64.239998,62.342171,2352000,0.0,0.0
2016-04-11,64.389999,64.400002,63.119999,63.16,61.294067,1862900,0.0,0.0
2016-04-12,63.139999,63.150002,61.900002,62.959999,61.099987,2960800,0.0,0.0
2016-04-13,63.040001,65.029999,62.91,64.769997,62.856491,3106700,0.0,0.0
2016-04-14,64.849998,65.239998,64.43,64.940002,63.021488,2100600,0.0,0.0
2016-04-15,65.139999,66.970001,64.459999,66.839996,64.865364,4647400,0.0,0.0
2016-04-18,66.279999,66.559998,65.459999,66.519997,64.554825,2847200,0.0,0.0
2016-04-19,66.589996,66.739998,65.330002,66.190002,64.23455,1903500,0.0,0.0
2016-04-20,66.599998,66.739998,65.699997,65.800003,63.856071,1804400,0.0,0.0
2016-04-21,65.830002,66.330002,65.230003,66.18,64.224869,1741700,0.0,0.0
2016-04-22,65.900002,66.849998,65.32,65.870003,63.924015,2606400,0.0,0.0
2016-04-25,65.43,66.0,65.419998,65.93,63.982235,1153300,0.0,0.0
2016-04-26,65.970001,66.290001,65.169998,65.330002,63.399967,1516800,0.0,0.0
2016-04-27,65.129997,65.419998,62.349998,63.349998,61.478451,5537400,0.0,0.0
2016-04-28,63.119999,64.019997,61.91,62.32,60.478893,4233500,0.0,0.0
2016-04-29,61.810001,62.419998,61.23,61.849998,60.022778,3729200,0.0,0.0
2016-05-02,62.0,63.119999,61.700001,62.889999,61.032051,3360400,0.0,0.0
2016-05-03,62.610001,63.23,62.02,62.080002,60.245987,3230100,0.0,0.0
2016-05-04,61.740002,62.48,61.099998,61.880001,60.051891,3212800,0.0,0.0
2016-05-05,62.279999,62.759998,61.18,62.240002,60.40126,4874100,0.0,0.0
2016-05-06,62.189999,63.990002,61.990002,63.939999,62.051037,3362800,0.0,0.0
2016-05-09,64.18,65.040001,64.010002,64.519997,62.613895,3044600,0.0,0.0
2016-05-10,65.0,65.099998,63.73,64.540001,62.633316,7604400,0.0,0.0
2016-05-11,70.43,74.919998,70.239998,73.379997,71.212135,21901700,0.0,0.0
2016-05-12,73.629997,76.239998,73.389999,75.010002,72.794006,8201300,0.0,0.0
2016-05-13,74.730003,76.089996,74.660004,75.199997,72.978386,4189100,0.0,0.0
2016-05-16,75.07,77.150002,74.809998,76.620003,74.356438,4329200,0.0,0.0
2016-05-17,75.720001,76.599998,74.529999,75.139999,72.920151,5105100,0.0,0.0
2016-05-18,74.699997,74.870003,73.260002,74.489998,72.289345,4432500,0.0,0.0
2016-05-19,74.220001,74.220001,72.940002,73.5,71.328613,3236700,0.0,0.0
2016-05-20,73.480003,74.010002,72.93,73.110001,70.950111,3772500,0.0,0.0
2016-05-23,73.389999,73.889999,72.410004,73.239998,71.076286,3248300,0.0,0.0
2016-05-24,73.68,75.660004,73.25,75.349998,73.123932,3781500,0.0,0.0
2016-05-25,75.389999,75.830002,74.839996,74.940002,72.726051,2002500,0.0,0.0
2016-05-26,74.629997,75.43,73.919998,75.110001,72.891052,1853200,0.0,0.0
2016-05-27,75.330002,76.459999,75.330002,75.699997,73.463608,2311200,0.0,0.0
2016-05-31,75.980003,76.82,75.699997,76.75,74.482582,4700100,0.0,0.0
2016-06-01,76.809998,77.379997,76.199997,76.620003,74.356438,3260500,0.0,0.0
2016-06-02,76.720001,76.940002,76.099998,76.580002,74.317604,2062400,0.0,0.0
2016-06-03,76.699997,76.699997,75.43,76.360001,74.104111,1863900,0.0,0.0
2016-06-06,76.370003,76.959999,75.199997,76.489998,74.230278,2816800,0.0,0.0
2016-06-07,76.860001,78.089996,76.760002,77.25,74.967834,4215200,0.0,0.0
2016-06-08,77.059998,77.190002,76.010002,76.279999,74.026474,2527100,0.0,0.0
2016-06-09,75.589996,76.790001,75.519997,76.25,73.997353,3055400,0.0,0.0
2016-06-10,75.410004,76.239998,74.809998,75.279999,73.056023,3025100,0.0,0.0
2016-06-13,74.889999,75.43,73.800003,74.239998,72.046738,3680300,0.0,0.0
2016-06-14,74.139999,74.779999,73.349998,74.519997,72.318481,2017000,0.0,0.0
2016-06-15,74.559998,75.230003,74.040001,74.389999,72.192307,2409900,0.0,0.0
2016-06-16,73.989998,75.080002,73.57,75.0,72.784294,2868800,0.0,0.0
2016-06-17,75.160004,75.160004,73.580002,74.519997,72.318481,4220600,0.0,0.0
2016-06-20,74.690002,76.339996,74.120003,75.309998,73.085136,2947600,0.0,0.0
2016-06-21,75.25,76.07,75.07,75.510002,73.279228,2072300,0.0,0.0
2016-06-22,75.209999,75.529999,74.690002,74.800003,72.590202,2039300,0.0,0.0
2016-06-23,75.620003,76.18,74.849998,76.050003,73.803268,2333500,0.0,0.0
2016-06-24,73.639999,74.769997,72.910004,73.209999,71.047188,4622500,0.0,0.0
2016-06-27,73.010002,73.059998,71.010002,71.5,69.387688,3631900,0.0,0.0
2016-06-28,71.989998,72.650002,71.360001,72.599998,70.455208,2743800,0.0,0.0
2016-06-29,72.900002,74.0,72.809998,73.739998,71.561508,2120300,0.0,0.0
2016-06-30,73.870003,76.110001,73.230003,75.760002,73.521835,3371100,0.0,0.0
2016-07-01,75.75,76.57,75.449997,75.870003,73.628609,1892500,0.0,0.0
2016-07-05,75.779999,76.419998,75.279999,75.889999,73.64798,1688200,0.0,0.0
2016-07-06,75.419998,77.150002,75.010002,76.739998,74.472885,2274900,0.0,0.0
2016-07-07,76.559998,76.830002,76.019997,76.620003,74.356438,1516600,0.0,0.0
2016-07-08,77.32,78.5,77.010002,78.260002,75.947998,3263000,0.0,0.0
2016-07-11,78.279999,79.559998,78.279999,79.169998,76.831085,2983300,0.0,0.0
2016-07-12,79.279999,79.989998,78.599998,79.510002,77.161057,2722600,0.0,0.0
2016-07-13,79.93,79.93,77.610001,77.620003,75.326897,2426500,0.0,0.0
2016-07-14,77.889999,78.300003,76.970001,78.050003,75.744194,3203400,0.0,0.0
2016-07-15,78.440002,78.730003,77.599998,77.830002,75.530693,2702500,0.0,0.0
2016-07-18,78.129997,78.860001,77.720001,78.260002,75.947998,2185500,0.0,0.0
2016-07-19,77.989998,78.110001,76.220001,76.5,74.239967,5143300,0.0,0.0
2016-07-20,77.220001,78.220001,76.440002,76.699997,74.434052,5482000,0.0,0.0
2016-07-21,76.440002,76.93,74.32,75.379997,73.153091,8602700,0.0,0.0
2016-07-22,75.879997,76.68,74.949997,76.330002,74.074982,5822000,0.0,0.0
2016-07-25,76.040001,76.910004,75.730003,76.900002,74.628166,3416500,0.0,0.0
2016-07-26,76.919998,77.349998,76.209999,76.839996,74.569908,2111900,0.0,0.0
2016-07-27,77.220001,77.370003,76.57,76.669998,74.404961,2319900,0.0,0.0
2016-07-28,76.610001,76.720001,76.0,76.279999,74.026474,1268200,0.0,0.0
2016-07-29,76.480003,76.529999,75.779999,76.32,74.0653,2911100,0.0,0.0
2016-08-01,76.230003,76.82,76.110001,76.629997,74.366119,3756300,0.0,0.0
2016-08-02,76.580002,76.940002,75.75,76.779999,74.511688,5942400,0.0,0.0
2016-08-03,76.660004,78.980003,75.169998,78.629997,76.30706,10446400,0.0,0.0
2016-08-04,78.360001,78.720001,77.889999,78.230003,75.918869,4543900,0.0,0.0
2016-08-05,78.940002,79.989998,78.43,79.839996,77.481293,4294000,0.0,0.0
2016-08-08,79.849998,79.989998,79.169998,79.269997,76.928139,2917700,0.0,0.0
2016-08-09,79.010002,79.360001,78.629997,78.690002,76.365273,1980500,0.0,0.0
2016-08-10,78.540001,79.099998,78.260002,78.57,76.248802,1431700,0.0,0.0
2016-08-11,78.849998,79.160004,77.839996,77.849998,75.550079,3212600,0.0,0.0
2016-08-12,78.0,78.400002,77.029999,77.43,75.142494,2028200,0.0,0.0
2016-08-15,77.589996,79.559998,77.330002,79.480003,77.131958,3225600,0.0,0.0
2016-08-16,78.779999,78.889999,77.82,78.050003,75.744194,2969600,0.0,0.0
2016-08-17,78.0,79.860001,77.809998,79.769997,77.413376,3552800,0.0,0.0
2016-08-18,79.800003,81.800003,79.629997,80.980003,78.587646,4741900,0.0,0.0
2016-08-19,80.949997,81.889999,80.800003,81.760002,79.344574,3238700,0.0,0.0
2016-08-22,81.07,81.82,81.040001,81.489998,79.08255,3218900,0.0,0.0
2016-08-23,81.980003,82.620003,81.489998,82.309998,79.878326,4603800,0.0,0.0
2016-08-24,82.309998,82.629997,81.949997,82.419998,79.985069,3310900,0.0,0.0
2016-08-25,82.019997,82.199997,80.959999,81.550003,79.14077,3304400,0.0,0.0
2016-08-26,81.199997,81.510002,80.019997,81.209999,78.810799,3037800,0.0,0.0
2016-08-29,81.099998,81.959999,80.639999,81.510002,79.101974,1975900,0.0,0.0
2016-08-30,82.400002,82.400002,81.480003,81.730003,79.315491,1711500,0.0,0.0
2016-08-31,81.370003,81.68,81.029999,81.230003,78.830238,2077500,0.0,0.0
2016-09-01,81.519997,81.989998,81.029999,81.760002,79.344574,1813900,0.0,0.0
2016-09-02,82.300003,84.18,82.160004,83.459999,80.994362,3524700,0.0,0.0
2016-09-06,83.300003,84.449997,83.300003,83.870003,81.39225,2648500,0.0,0.0
2016-09-07,83.760002,84.269997,82.540001,82.75,80.305328,3050100,0.0,0.0
2016-09-08,82.639999,82.639999,81.580002,82.160004,79.732765,3188500,0.0,0.0
2016-09-09,81.419998,81.790001,79.839996,79.860001,77.500702,2212500,0.0,0.0
2016-09-12,79.730003,80.919998,79.510002,80.839996,78.451752,3371100,0.0,0.0
2016-09-13,80.610001,81.120003,79.940002,80.870003,78.480881,2710500,0.0,0.0
2016-09-14,81.139999,81.769997,80.5,80.830002,78.442055,1410400,0.0,0.0
2016-09-15,80.559998,83.669998,80.559998,83.370003,80.907005,3167500,0.0,0.0
2016-09-16,83.260002,83.360001,82.160004,82.889999,80.4412,3731900,0.0,0.0
2016-09-19,83.139999,83.410004,82.459999,82.769997,80.324753,1872800,0.0,0.0
2016-09-20,82.889999,83.389999,82.620003,82.989998,80.538239,2173000,0.0,0.0
2016-09-21,83.480003,83.629997,82.260002,83.470001,81.004051,2663300,0.0,0.0
2016-09-22,84.099998,84.199997,82.760002,83.169998,80.712936,2194300,0.0,0.0
2016-09-23,84.5,84.5,83.519997,84.260002,81.770721,2644400,0.0,0.0
2016-09-26,83.669998,84.25,83.220001,83.5,81.033165,1836700,0.0,0.0
2016-09-27,83.400002,85.529999,83.190002,85.199997,82.682953,2453200,0.0,0.0
2016-09-28,85.349998,85.599998,84.580002,85.0,82.488869,1794400,0.0,0.0
2016-09-29,84.93,85.129997,84.120003,84.260002,81.770721,1324900,0.0,0.0
2016-09-30,84.349998,85.830002,83.769997,85.400002,82.877037,2860300,0.0,0.0
2016-10-03,85.220001,86.050003,85.129997,85.410004,82.886734,2047900,0.0,0.0
2016-10-04,85.93,86.07,85.120003,85.559998,83.03231,1724800,0.0,0.0
2016-10-05,85.559998,85.75,84.970001,85.470001,82.944992,1961700,0.0,0.0
2016-10-06,85.550003,85.639999,83.860001,84.580002,82.081268,3189300,0.0,0.0
2016-10-07,85.059998,85.190002,83.440002,83.809998,81.334023,3076700,0.0,0.0
2016-10-10,84.07,84.919998,83.849998,84.739998,82.236534,2278100,0.0,0.0
2016-10-11,84.699997,84.800003,83.150002,83.370003,80.907005,2308800,0.0,0.0
2016-10-12,85.029999,85.029999,82.160004,82.529999,80.091827,2395200,0.0,0.0
2016-10-13,82.089996,82.519997,80.779999,81.760002,79.344574,3034000,0.0,0.0
2016-10-14,82.349998,83.980003,82.349998,82.589996,80.150055,2658300,0.0,0.0
2016-10-17,82.769997,83.220001,82.160004,82.32,79.888046,1981900,0.0,0.0
2016-10-18,83.18,84.400002,83.110001,84.010002,81.528091,2185200,0.0,0.0
2016-10-19,84.220001,84.360001,82.620003,82.760002,80.315033,2269200,0.0,0.0
2016-10-20,82.699997,82.82,81.599998,82.519997,80.082115,2468400,0.0,0.0
2016-10-21,82.150002,82.989998,82.0,82.870003,80.421768,2708200,0.0,0.0
2016-10-24,81.910004,84.370003,81.779999,84.150002,81.663979,3046700,0.0,0.0
2016-10-25,84.190002,84.790001,82.889999,82.940002,80.489723,2822900,0.0,0.0
2016-10-26,82.949997,84.110001,82.5,82.580002,80.140366,2026000,0.0,0.0
2016-10-27,83.279999,84.43,82.580002,82.720001,80.276207,3159900,0.0,0.0
2016-10-28,80.779999,81.419998,78.550003,79.449997,77.102821,6933800,0.0,0.0
2016-10-31,79.639999,80.139999,77.43,78.519997,76.200302,5380700,0.0,0.0
2016-11-01,78.639999,78.760002,77.18,77.839996,75.540382,7226300,0.0,0.0
2016-11-02,78.830002,81.93,77.860001,79.120003,76.782578,9449900,0.0,0.0
2016-11-03,79.120003,82.290001,79.120003,80.519997,78.141212,7210600,0.0,0.0
2016-11-04,79.949997,81.720001,79.029999,80.220001,77.850082,4694600,0.0,0.0
2016-11-07,81.089996,82.029999,80.330002,81.080002,78.684669,3750900,0.0,0.0
2016-11-08,81.059998,82.449997,80.68,81.489998,79.08255,2198200,0.0,0.0
2016-11-09,78.730003,80.989998,78.449997,79.440002,77.093124,4446900,0.0,0.0
2016-11-10,79.970001,80.059998,76.190002,76.790001,74.521431,5526900,0.0,0.0
2016-11-11,75.800003,77.940002,75.529999,77.449997,75.161903,4039300,0.0,0.0
2016-11-14,77.470001,78.080002,76.139999,76.379997,74.123528,5043100,0.0,0.0
2016-11-15,77.0,78.419998,77.0,77.620003,75.326897,2639300,0.0,0.0
2016-11-16,77.599998,78.940002,77.029999,78.830002,76.501137,2454200,0.0,0.0
2016-11-17,78.760002,80.169998,78.540001,79.620003,77.267799,2642700,0.0,0.0
2016-11-18,79.800003,80.610001,78.760002,78.989998,76.656372,3180500,0.0,0.0
2016-11-21,79.07,79.18,77.559998,78.260002,75.947998,3061800,0.0,0.0
2016-11-22,78.519997,78.559998,76.93,77.75,75.453049,2737200,0.0,0.0
2016-11-23,77.900002,79.699997,77.769997,79.349998,77.00576,2853600,0.0,0.0
2016-11-25,79.18,79.919998,78.540001,79.169998,76.831085,780400,0.0,0.0
2016-11-28,79.419998,79.559998,78.529999,78.730003,76.404099,2350300,0.0,0.0
2016-11-29,78.949997,81.690002,78.93,81.370003,78.966095,3376600,0.0,0.0
2016-11-30,81.290001,81.370003,79.150002,79.239998,76.89904,3417700,0.0,0.0
2016-12-01,79.209999,79.279999,75.169998,75.580002,73.347145,4920000,0.0,0.0
2016-12-02,75.650002,76.470001,73.739998,75.860001,73.618904,4093800,0.0,0.0
2016-12-05,76.169998,77.830002,75.5,77.449997,75.161903,2501500,0.0,0.0
2016-12-06,77.629997,78.029999,76.5,76.870003,74.599037,2303700,0.0,0.0
2016-12-07,76.849998,78.110001,76.419998,77.949997,75.647141,3289700,0.0,0.0
2016-12-08,78.029999,78.599998,77.400002,77.779999,75.482155,3445700,0.0,0.0
2016-12-09,77.809998,79.07,77.809998,78.75,76.423508,2073900,0.0,0.0
2016-12-12,78.879997,80.629997,78.510002,80.620003,78.238281,3926900,0.0,0.0
2016-12-13,80.459999,82.599998,80.459999,80.760002,78.37413,3462800,0.0,0.0
2016-12-14,80.610001,81.68,79.980003,80.699997,78.315887,2573600,0.0,0.0
2016-12-15,81.32,82.620003,80.739998,81.510002,79.101974,3957900,0.0,0.0
2016-12-16,81.440002,81.5,79.169998,79.510002,77.161057,4088200,0.0,0.0
2016-12-19,79.309998,80.529999,79.150002,79.5,77.151337,2197500,0.0,0.0
2016-12-20,79.599998,80.260002,79.260002,79.5,77.151337,2218100,0.0,0.0
2016-12-21,79.489998,80.18,79.129997,79.660004,77.30661,2181700,0.0,0.0
2016-12-22,79.739998,80.150002,79.18,79.790001,77.432785,1206800,0.0,0.0
2016-12-23,79.849998,81.120003,79.57,80.669998,78.286781,2017100,0.0,0.0
2016-12-27,80.989998,81.760002,80.75,81.080002,78.684669,1246800,0.0,0.0
2016-12-28,81.07,81.260002,79.970001,80.379997,78.005348,1314200,0.0,0.0
2016-12-29,80.529999,81.010002,79.699997,80.160004,77.791855,1470100,0.0,0.0
2016-12-30,80.559998,80.559998,78.519997,78.760002,76.43322,1815900,0.0,0.0
2017-01-03,79.519997,79.620003,78.269997,79.169998,76.831085,2187300,0.0,0.0
2017-01-04,79.389999,81.110001,79.120003,80.629997,78.247955,1852300,0.0,0.0
2017-01-05,79.980003,80.459999,78.730003,78.959999,76.627296,3295000,0.0,0.0
2017-01-06,79.110001,79.519997,78.370003,79.010002,76.675835,2017700,0.0,0.0
2017-01-09,79.190002,79.43,78.050003,78.639999,76.316757,2332300,0.0,0.0
2017-01-10,78.489998,79.230003,77.940002,78.849998,76.520561,2328900,0.0,0.0
2017-01-11,78.800003,79.419998,78.169998,79.019997,76.685532,2618900,0.0,0.0
2017-01-12,78.849998,79.760002,78.25,79.599998,77.248405,2035700,0.0,0.0
2017-01-13,79.139999,81.260002,79.129997,80.349998,77.976219,2818000,0.0,0.0
2017-01-17,80.0,80.589996,79.470001,80.230003,77.859802,2073300,0.0,0.0
2017-01-18,80.510002,80.82,79.82,80.529999,78.150917,1926600,0.0,0.0
2017-01-19,80.400002,81.339996,80.050003,80.379997,78.005348,1746100,0.0,0.0
2017-01-20,80.489998,80.519997,78.889999,80.120003,77.753029,2642900,0.0,0.0
2017-01-23,80.050003,80.169998,79.260002,79.879997,77.520111,2672200,0.0,0.0
2017-01-24,79.879997,80.800003,79.410004,80.510002,78.131516,2004300,0.0,0.0
2017-01-25,80.849998,81.589996,80.519997,81.480003,79.072868,2727000,0.0,0.0
2017-01-26,81.559998,81.870003,81.099998,81.699997,79.286339,1854400,0.0,0.0
2017-01-27,82.0,83.25,81.860001,83.160004,80.703224,2607200,0.0,0.0
2017-01-30,82.959999,84.029999,82.75,83.839996,81.363129,4067300,0.0,0.0
2017-01-31,83.82,84.089996,82.889999,83.43,80.96524,6583400,0.0,0.0
2017-02-01,83.43,84.25,81.449997,83.0,80.547958,7607300,0.0,0.0
2017-02-02,82.68,82.980003,81.379997,82.510002,80.072411,4079700,0.0,0.0
2017-02-03,82.510002,82.669998,80.970001,81.279999,78.878761,4300800,0.0,0.0
2017-02-06,80.830002,81.779999,80.400002,81.519997,79.111664,2351100,0.0,0.0
2017-02-07,81.809998,82.400002,81.550003,82.209999,79.781281,2944000,0.0,0.0
2017-02-08,81.940002,82.910004,81.269997,81.480003,79.072868,2738900,0.0,0.0
2017-02-09,82.209999,83.400002,81.489998,83.260002,80.80027,3193000,0.0,0.0
2017-02-10,84.739998,86.660004,84.129997,86.169998,83.624306,6561700,0.0,0.0
2017-02-13,86.309998,87.489998,85.699997,86.32,83.769867,4435000,0.0,0.0
2017-02-14,85.800003,86.449997,85.220001,86.059998,83.517548,3046800,0.0,0.0
2017-02-15,85.919998,88.040001,85.699997,87.949997,85.351692,3293500,0.0,0.0
2017-02-16,87.690002,88.279999,87.199997,87.849998,85.254677,2739100,0.0,0.0
2017-02-17,87.760002,87.860001,86.949997,87.300003,84.720901,1773700,0.0,0.0
2017-02-21,87.349998,88.019997,87.099998,87.540001,84.953842,1871800,0.0,0.0
2017-02-22,87.379997,87.620003,86.959999,87.379997,84.798561,1751400,0.0,0.0
2017-02-23,87.559998,87.559998,85.760002,86.650002,84.090111,3113300,0.0,0.0
2017-02-24,85.959999,86.550003,85.230003,86.540001,83.983376,3026700,0.0,0.0
2017-02-27,86.550003,87.25,86.099998,87.0,84.429764,1519300,0.0,0.0
2017-02-28,87.050003,87.489998,86.330002,86.5,83.944542,2421100,0.0,0.0
2017-03-01,86.93,88.139999,86.089996,87.82,85.225548,2090700,0.0,0.0
2017-03-02,87.900002,88.25,86.459999,87.010002,84.439491,1709200,0.0,0.0
2017-03-03,86.949997,87.290001,86.190002,87.239998,84.662697,1190600,0.0,0.0
2017-03-06,87.190002,87.519997,86.739998,87.139999,84.565636,1882300,0.0,0.0
2017-03-07,87.300003,88.849998,87.099998,88.300003,85.69136,3016900,0.0,0.0
2017-03-08,88.519997,89.360001,88.199997,89.0,86.370682,2577900,0.0,0.0
2017-03-09,89.32,89.790001,88.730003,89.029999,86.39978,3127100,0.0,0.0
2017-03-10,89.589996,89.879997,88.919998,89.809998,87.156754,2005300,0.0,0.0
2017-03-13,89.830002,90.809998,89.349998,90.730003,88.049583,2753300,0.0,0.0
2017-03-14,90.519997,91.18,90.330002,90.900002,88.214561,1967000,0.0,0.0
2017-03-15,90.989998,91.550003,90.129997,91.510002,88.806519,3197300,0.0,0.0
2017-03-16,91.599998,91.82,89.519997,90.199997,87.535225,5153100,0.0,0.0
2017-03-17,90.919998,90.980003,88.550003,89.589996,86.943237,6446600,0.0,0.0
2017-03-20,88.82,89.349998,87.900002,89.160004,86.525963,4278100,0.0,0.0
2017-03-21,89.220001,90.089996,88.230003,88.410004,85.798126,3278600,0.0,0.0
2017-03-22,88.43,88.860001,88.25,88.739998,86.118355,2326200,0.0,0.0
2017-03-23,88.589996,89.349998,88.239998,88.610001,85.99221,1910000,0.0,0.0
2017-03-24,88.849998,90.059998,88.610001,89.349998,86.710327,1878100,0.0,0.0
2017-03-27,88.589996,89.239998,88.059998,89.019997,86.390083,2109200,0.0,0.0
2017-03-28,89.0,90.019997,88.550003,89.739998,87.088806,2083900,0.0,0.0
2017-03-29,89.519997,89.970001,88.949997,89.779999,87.127663,1771200,0.0,0.0
2017-03-30,89.5,90.300003,89.230003,90.260002,87.593483,2073700,0.0,0.0
2017-03-31,90.099998,90.169998,88.849998,89.519997,86.875343,1737700,0.0,0.0
2017-04-03,89.900002,89.900002,88.790001,89.110001,86.47744,1522300,0.0,0.0
2017-04-04,88.580002,89.32,88.510002,89.279999,86.642448,1870400,0.0,0.0
2017-04-05,89.470001,89.610001,88.089996,88.400002,85.788422,2673500,0.0,0.0
2017-04-06,88.470001,88.769997,87.940002,88.559998,85.943695,1319600,0.0,0.0
2017-04-07,88.400002,88.830002,88.07,88.730003,86.10865,1740800,0.0,0.0
2017-04-10,88.550003,89.089996,88.330002,88.739998,86.118355,1424000,0.0,0.0
2017-04-11,88.779999,89.690002,88.370003,89.68,87.030594,1763900,0.0,0.0
2017-04-12,89.949997,90.029999,89.150002,89.949997,87.292618,1909100,0.0,0.0
2017-04-13,90.089996,90.199997,88.849998,89.019997,86.390083,2966200,0.0,0.0
2017-04-17,89.269997,90.139999,88.82,89.209999,86.574471,2160100,0.0,0.0
2017-04-18,89.120003,89.440002,88.720001,89.199997,86.564789,1393100,0.0,0.0
2017-04-19,89.540001,90.230003,89.139999,89.650002,87.00148,2021400,0.0,0.0
2017-04-20,90.099998,91.480003,89.790001,91.209999,88.515388,2024300,0.0,0.0
2017-04-21,91.269997,91.959999,91.099998,91.940002,89.223839,1831800,0.0,0.0
2017-04-24,92.860001,93.07,92.510002,92.809998,90.06813,2020900,0.0,0.0
2017-04-25,93.389999,93.400002,92.690002,92.989998,90.242813,2041400,0.0,0.0
2017-04-26,93.209999,93.730003,92.309998,93.5,90.73774,1543000,0.0,0.0
2017-04-27,94.0,94.989998,93.709999,94.239998,91.455856,1515700,0.0,0.0
2017-04-28,94.449997,94.910004,93.82,94.82,92.018745,1937800,0.0,0.0
2017-05-01,95.209999,95.419998,94.709999,94.790001,91.989639,2314800,0.0,0.0
2017-05-02,94.690002,95.32,94.120003,94.25,91.465607,2332500,0.0,0.0
2017-05-03,95.449997,95.449997,93.620003,94.110001,91.32972,2872300,0.0,0.0
2017-05-04,94.110001,95.080002,93.919998,94.760002,91.960518,4548700,0.0,0.0
2017-05-05,95.389999,95.870003,94.589996,95.739998,92.911568,5175900,0.0,0.0
2017-05-08,95.919998,96.489998,95.449997,95.730003,92.901878,5318600,0.0,0.0
2017-05-09,95.860001,96.339996,95.25,96.010002,93.173592,6184900,0.0,0.0
2017-05-10,105.970001,110.610001,104.760002,108.160004,104.964653,11166200,0.0,0.0
2017-05-11,107.550003,109.32,106.830002,108.580002,105.372253,5750600,0.0,0.0
2017-05-12,108.190002,109.25,107.459999,109.089996,105.867195,3169400,0.0,0.0
2017-05-15,108.989998,111.260002,108.849998,110.900002,107.623703,3279800,0.0,0.0
2017-05-16,111.230003,112.160004,110.440002,111.760002,108.45829,2963400,0.0,0.0
2017-05-17,108.709999,109.379997,105.0,105.239998,102.130913,7457200,0.0,0.0
2017-05-18,104.709999,107.650002,104.339996,106.93,103.770966,3174500,0.0,0.0
2017-05-19,107.410004,107.949997,106.330002,107.639999,104.459991,2282400,0.0,0.0
2017-05-22,107.870003,108.400002,107.419998,108.389999,105.187859,1493200,0.0,0.0
2017-05-23,110.089996,111.849998,108.18,109.010002,105.789543,3032700,0.0,0.0
2017-05-24,108.779999,112.540001,108.389999,112.309998,108.99205,4492500,0.0,0.0
2017-05-25,112.510002,114.160004,112.510002,113.830002,110.467148,3419800,0.0,0.0
2017-05-26,113.5,113.589996,111.790001,112.129997,108.817337,2212500,0.0,0.0
2017-05-30,112.620003,112.919998,111.639999,112.849998,109.516083,2360100,0.0,0.0
2017-05-31,112.860001,113.480003,111.93,113.330002,109.981911,3430000,0.0,0.0
2017-06-01,113.959999,114.940002,113.18,113.870003,110.505966,2232700,0.0,0.0
2017-06-02,113.849998,114.540001,113.199997,114.519997,111.136757,1872600,0.0,0.0
2017-06-05,114.68,115.129997,114.190002,114.690002,111.301727,1879800,0.0,0.0
2017-06-06,114.540001,115.389999,113.589996,113.690002,110.331276,2508400,0.0,0.0
2017-06-07,114.839996,115.540001,114.230003,115.370003,111.961655,2480100,0.0,0.0
2017-06-08,116.040001,116.040001,113.239998,114.290001,110.913551,3293900,0.0,0.0
2017-06-09,114.839996,115.360001,107.029999,110.459999,107.196701,5738200,0.0,0.0
2017-06-12,109.300003,111.18,105.540001,108.900002,105.682777,5836900,0.0,0.0
2017-06-13,110.330002,110.959999,108.080002,109.980003,106.730881,2740000,0.0,0.0
2017-06-14,110.160004,111.110001,108.68,110.019997,106.769699,2171800,0.0,0.0
2017-06-15,108.239998,111.029999,107.32,110.529999,107.264641,3705600,0.0,0.0
2017-06-16,110.720001,112.510002,110.07,110.510002,107.245209,9608200,0.0,0.0
2017-06-19,111.18,113.860001,111.18,113.650002,110.29245,2891300,0.0,0.0
2017-06-20,113.43,115.120003,113.290001,113.470001,110.117767,2710500,0.0,0.0
2017-06-21,114.330002,114.690002,111.830002,113.169998,109.82663,3054000,0.0,0.0
2017-06-22,113.510002,113.519997,111.360001,112.620003,109.292892,2380400,0.0,0.0
2017-06-23,112.510002,112.949997,110.769997,110.870003,107.594604,7457900,0.0,0.0
2017-06-26,111.0,112.639999,110.379997,111.860001,108.555344,2446300,0.0,0.0
2017-06-27,111.349998,111.93,108.129997,108.32,105.119919,3058000,0.0,0.0
2017-06-28,108.699997,109.199997,106.739998,108.809998,105.595451,3668200,0.0,0.0
2017-06-29,108.160004,108.720001,105.470001,106.68,103.528366,3820400,0.0,0.0
2017-06-30,107.099998,107.559998,105.650002,105.720001,102.596725,3216500,0.0,0.0
2017-07-03,106.510002,107.0,105.209999,105.419998,102.30558,1656400,0.0,0.0
2017-07-05,105.949997,107.309998,105.349998,106.760002,103.606018,2824900,0.0,0.0
2017-07-06,106.059998,107.120003,105.5,105.75,102.625854,2471600,0.0,0.0
2017-07-07,106.279999,108.470001,105.540001,107.449997,104.275604,2152500,0.0,0.0
2017-07-10,107.839996,108.690002,107.010002,107.839996,104.654106,2188400,0.0,0.0
2017-07-11,107.629997,109.709999,107.099998,108.419998,105.216965,2289900,0.0,0.0
2017-07-12,109.5,110.900002,109.050003,110.68,107.410194,1943500,0.0,0.0
2017-07-13,110.830002,111.610001,108.919998,108.980003,105.760437,1710800,0.0,0.0
2017-07-14,109.610001,110.339996,108.75,108.989998,105.770103,1321300,0.0,0.0
2017-07-17,109.019997,110.43,108.720001,109.440002,106.206848,1686400,0.0,0.0
2017-07-18,110.0,110.93,109.480003,110.279999,107.022011,1908700,0.0,0.0
2017-07-19,110.43,111.650002,109.809998,111.580002,108.283577,2498400,0.0,0.0
2017-07-20,111.610001,112.18,110.379997,111.970001,108.662086,2143800,0.0,0.0
2017-07-21,111.5,112.910004,111.269997,112.220001,108.904694,2434900,0.0,0.0
2017-07-24,112.220001,113.970001,112.220001,113.75,110.389496,2784600,0.0,0.0
2017-07-25,113.970001,114.519997,113.309998,113.660004,110.302177,2735500,0.0,0.0
2017-07-26,115.459999,118.110001,115.190002,118.0,114.513947,4520400,0.0,0.0
2017-07-27,119.010002,120.25,116.059998,117.599998,114.125763,8953500,0.0,0.0
2017-07-28,114.0,118.75,113.5,118.25,114.756577,5012300,0.0,0.0
2017-07-31,119.050003,119.25,116.5,116.739998,113.291183,2951400,0.0,0.0
2017-08-01,117.57,117.650002,116.440002,116.919998,113.465851,2488200,0.0,0.0
2017-08-02,117.110001,117.419998,113.830002,116.830002,113.378525,3111600,0.0,0.0
2017-08-03,117.379997,119.230003,116.980003,118.849998,115.338821,2929100,0.0,0.0
2017-08-04,119.150002,119.18,116.900002,117.220001,113.757004,2341200,0.0,0.0
2017-08-07,117.599998,117.959999,116.489998,116.959999,113.504654,1882900,0.0,0.0
2017-08-08,116.5,117.129997,116.019997,116.5,113.058273,1329900,0.0,0.0
2017-08-09,115.550003,116.839996,114.75,116.110001,112.679794,1709400,0.0,0.0
2017-08-10,115.410004,115.720001,113.690002,113.989998,110.622421,2950200,0.0,0.0
2017-08-11,113.739998,115.980003,113.510002,115.449997,112.039284,1584900,0.0,0.0
2017-08-14,116.709999,118.0,116.400002,117.110001,113.650246,2890000,0.0,0.0
2017-08-15,117.230003,117.620003,116.580002,117.43,113.960785,1048100,0.0,0.0
2017-08-16,117.489998,119.589996,117.029999,119.25,115.727043,2098200,0.0,0.0
2017-08-17,119.190002,119.470001,116.459999,116.470001,113.029152,1793900,0.0,0.0
2017-08-18,116.0,117.839996,115.459999,116.879997,113.427032,1911700,0.0,0.0
2017-08-21,116.849998,117.400002,116.120003,116.839996,113.388214,1848500,0.0,0.0
2017-08-22,117.279999,120.449997,117.220001,119.029999,115.513512,2512900,0.0,0.0
2017-08-23,118.650002,119.370003,117.550003,118.18,114.688637,1297800,0.0,0.0
2017-08-24,118.489998,118.919998,116.0,117.82,114.339264,1342800,0.0,0.0
2017-08-25,118.190002,118.709999,115.709999,116.93,113.475555,2206100,0.0,0.0
2017-08-28,117.519997,119.040001,116.949997,118.730003,115.222397,1775200,0.0,0.0
2017-08-29,117.470001,119.43,117.220001,119.230003,115.707619,1301300,0.0,0.0
2017-08-30,119.419998,122.080002,119.07,121.970001,118.366676,2193400,0.0,0.0
2017-08-31,122.0,122.790001,120.940002,121.5,117.910553,2617600,0.0,0.0
2017-09-01,121.269997,121.769997,118.510002,119.309998,115.785263,2751500,0.0,0.0
2017-09-05,118.800003,119.300003,116.32,118.209999,114.717743,2336300,0.0,0.0
2017-09-06,118.769997,119.150002,116.470001,117.0,113.543472,1770600,0.0,0.0
2017-09-07,117.199997,119.099998,116.589996,118.93,115.416466,1810900,0.0,0.0
2017-09-08,119.989998,120.160004,117.709999,118.279999,114.785675,2424200,0.0,0.0
2017-09-11,119.879997,121.349998,119.279999,121.190002,117.609703,2282100,0.0,0.0
2017-09-12,121.610001,122.129997,118.68,120.410004,116.852745,2659200,0.0,0.0
2017-09-13,119.860001,120.449997,119.0,119.599998,116.066673,2515300,0.0,0.0
2017-09-14,118.739998,119.660004,117.709999,119.190002,115.668785,2543100,0.0,0.0
2017-09-15,119.290001,119.919998,117.75,119.419998,115.892006,3192000,0.0,0.0
2017-09-18,119.5,120.870003,119.5,119.959999,116.416046,2573700,0.0,0.0
2017-09-19,120.25,121.199997,119.370003,120.209999,116.658653,2237900,0.0,0.0
2017-09-20,120.769997,121.400002,118.739998,120.339996,116.784798,2393300,0.0,0.0
2017-09-21,120.489998,120.489998,117.82,118.019997,114.533333,1914400,0.0,0.0
2017-09-22,117.459999,120.18,117.150002,118.5,114.999161,2077300,0.0,0.0
2017-09-25,118.050003,118.290001,112.849998,114.199997,110.826218,4113100,0.0,0.0
2017-09-26,114.5,114.669998,112.830002,113.919998,110.554459,2994400,0.0,0.0
2017-09-27,115.400002,116.650002,115.400002,115.970001,112.543922,1793200,0.0,0.0
2017-09-28,115.82,116.790001,115.239998,116.610001,113.165009,1395600,0.0,0.0
2017-09-29,116.709999,118.169998,116.300003,118.059998,114.572174,1743500,0.0,0.0
2017-10-02,118.889999,119.720001,116.940002,117.949997,114.465416,1850700,0.0,0.0
2017-10-03,117.919998,118.099998,116.760002,117.959999,114.475128,1249700,0.0,0.0
2017-10-04,117.519997,118.75,116.410004,118.559998,115.057411,1642400,0.0,0.0
2017-10-05,118.629997,119.75,117.93,119.519997,115.989037,1438900,0.0,0.0
2017-10-06,119.029999,120.290001,118.440002,120.089996,116.542191,1912800,0.0,0.0
2017-10-09,119.239998,119.300003,117.669998,118.620003,115.115646,1516000,0.0,0.0
2017-10-10,119.029999,119.489998,116.709999,117.82,114.339264,1558200,0.0,0.0
2017-10-11,117.330002,118.0,115.519997,116.050003,112.621567,3152800,0.0,0.0
2017-10-12,115.970001,117.779999,115.769997,117.139999,113.679375,2046200,0.0,0.0
2017-10-13,117.760002,118.919998,117.550003,118.620003,115.115646,1931200,0.0,0.0
2017-10-16,118.809998,119.0,117.050003,117.480003,114.009315,2601800,0.0,0.0
2017-10-17,117.199997,118.150002,115.629997,115.980003,112.553612,3130300,0.0,0.0
2017-10-18,113.410004,113.75,110.309998,113.160004,109.816933,9784700,0.0,0.0
2017-10-19,112.0,113.080002,111.120003,113.07,109.729584,3183200,0.0,0.0
2017-10-20,113.599998,114.279999,113.150002,113.620003,110.263351,1988800,0.0,0.0
2017-10-23,113.809998,114.43,112.730003,113.660004,110.302177,2204700,0.0,0.0
2017-10-24,113.68,114.720001,112.760002,113.389999,110.040138,2006100,0.0,0.0
2017-10-25,113.199997,114.879997,112.589996,114.559998,111.175583,3205300,0.0,0.0
2017-10-26,115.07,117.059998,115.019997,115.830002,112.408043,2453200,0.0,0.0
2017-10-27,116.830002,117.550003,115.410004,116.889999,113.436737,2892000,0.0,0.0
2017-10-30,117.129997,117.769997,116.639999,117.580002,114.106346,2614100,0.0,0.0
2017-10-31,118.129997,119.839996,116.370003,119.599998,116.066673,5477400,0.0,0.0
2017-11-01,116.0,116.599998,111.279999,114.470001,111.088226,9669200,0.0,0.0
2017-11-02,114.349998,114.519997,112.599998,112.690002,109.360817,3438300,0.0,0.0
2017-11-03,113.470001,113.760002,112.57,113.199997,109.855751,2925300,0.0,0.0
2017-11-06,112.989998,113.5,110.760002,112.459999,109.137619,3642500,0.0,0.0
2017-11-07,112.290001,112.720001,110.080002,111.699997,108.400078,2830300,0.0,0.0
2017-11-08,112.449997,115.599998,112.099998,114.150002,110.777679,3393900,0.0,0.0
2017-11-09,112.989998,113.300003,110.940002,111.889999,108.584442,3445700,0.0,0.0
2017-11-10,111.260002,112.830002,110.82,112.75,109.419052,2534000,0.0,0.0
2017-11-13,112.0,113.239998,111.190002,112.010002,108.700912,3168100,0.0,0.0
2017-11-14,110.599998,113.900002,110.389999,112.269997,108.953232,3618000,0.0,0.0
2017-11-15,112.720001,112.870003,110.519997,111.480003,108.186577,2585900,0.0,0.0
2017-11-16,111.849998,113.129997,111.209999,111.599998,108.303024,2445800,0.0,0.0
2017-11-17,108.989998,109.550003,107.5,108.82,105.605164,8556400,0.0,0.0
2017-11-20,108.279999,108.449997,106.75,107.639999,104.459991,5974700,0.0,0.0
2017-11-21,107.779999,108.769997,107.540001,107.709999,104.527962,3298400,0.0,0.0
2017-11-22,108.040001,108.440002,106.610001,107.32,104.149467,2558200,0.0,0.0
2017-11-24,107.660004,108.580002,107.589996,107.940002,104.751152,1306300,0.0,0.0
2017-11-27,107.860001,108.290001,106.790001,106.989998,103.829201,2540100,0.0,0.0
2017-11-28,106.989998,110.519997,106.739998,109.470001,106.235954,5499400,0.0,0.0
2017-11-29,109.209999,109.389999,104.949997,105.489998,102.373512,5590700,0.0,0.0
2017-11-30,106.110001,106.5,105.059998,106.349998,103.208107,5395200,0.0,0.0
2017-12-01,105.860001,106.870003,103.949997,106.019997,102.887871,3859400,0.0,0.0
2017-12-04,105.529999,105.879997,100.68,100.830002,97.851204,6573200,0.0,0.0
2017-12-05,100.550003,105.190002,99.629997,103.379997,100.325859,4582300,0.0,0.0
2017-12-06,102.959999,103.919998,100.410004,103.18,100.131783,4668400,0.0,0.0
2017-12-07,103.230003,105.599998,102.75,104.370003,101.286644,3590500,0.0,0.0
2017-12-08,104.489998,106.400002,104.489998,105.269997,102.160019,3535400,0.0,0.0
2017-12-11,105.610001,108.160004,105.0,107.919998,104.73175,3998200,0.0,0.0
2017-12-12,108.0,108.919998,107.019997,107.660004,104.479408,3880700,0.0,0.0
2017-12-13,107.709999,108.309998,105.220001,105.540001,102.422043,3790100,0.0,0.0
2017-12-14,105.199997,107.620003,104.699997,106.419998,103.276039,2751200,0.0,0.0
2017-12-15,107.769997,109.68,106.629997,109.279999,106.051544,6107300,0.0,0.0
2017-12-18,109.889999,110.0,106.559998,107.339996,104.168877,4375300,0.0,0.0
2017-12-19,107.419998,107.760002,106.690002,107.0,103.838905,2077200,0.0,0.0
2017-12-20,107.5,108.870003,107.150002,108.449997,105.246086,2650400,0.0,0.0
2017-12-21,107.879997,108.739998,107.779999,107.970001,104.780258,2804400,0.0,0.0
2017-12-22,108.309998,108.309998,105.68,106.019997,102.887871,2424600,0.0,0.0
2017-12-26,105.660004,106.019997,104.650002,105.059998,101.956223,1689900,0.0,0.0
2017-12-27,105.400002,106.440002,104.580002,105.230003,102.121208,2527500,0.0,0.0
2017-12-28,105.290001,105.550003,104.550003,105.309998,102.19883,1438900,0.0,0.0
2017-12-29,105.290001,105.68,104.389999,105.059998,101.956223,2113600,0.0,0.0
2018-01-02,106.150002,110.0,105.349998,109.449997,106.216522,4599100,0.0,0.0
2018-01-03,109.75,111.330002,109.370003,109.75,106.507675,3210600,0.0,0.0
2018-01-04,109.870003,110.550003,106.669998,107.190002,104.023308,3777900,0.0,0.0
2018-01-05,108.019997,112.760002,107.589996,112.389999,109.069679,5963000,0.0,0.0
2018-01-08,113.5,114.169998,111.199997,113.220001,109.87516,4579100,0.0,0.0
2018-01-09,113.330002,113.650002,110.459999,112.18,108.865898,4111700,0.0,0.0
2018-01-10,111.5,113.300003,111.290001,112.25,108.933823,2493600,0.0,0.0
2018-01-11,112.559998,113.0,111.699997,112.0,108.691193,2788800,0.0,0.0
2018-01-12,110.489998,113.900002,110.489998,113.129997,109.787827,3467400,0.0,0.0
2018-01-16,114.0,114.699997,111.610001,111.919998,108.613564,3570800,0.0,0.0
2018-01-17,113.0,113.43,111.519997,113.139999,109.797531,2709000,0.0,0.0
2018-01-18,114.050003,115.629997,113.199997,115.279999,111.87429,4353800,0.0,0.0
2018-01-19,115.349998,116.410004,114.720001,116.18,112.747726,3534200,0.0,0.0
2018-01-22,116.32,118.300003,115.82,117.989998,114.504234,4235800,0.0,0.0
2018-01-23,117.879997,118.669998,116.940002,117.669998,114.193703,3449700,0.0,0.0
2018-01-24,118.410004,118.410004,114.260002,114.660004,111.272614,6553600,0.0,0.0
2018-01-25,115.699997,115.970001,113.669998,114.5,111.117348,3457700,0.0,0.0
2018-01-26,115.330002,116.239998,113.540001,115.199997,111.796654,3417600,0.0,0.0
2018-01-29,115.209999,119.410004,115.209999,117.650002,114.174263,6486500,0.0,0.0
2018-01-30,116.400002,119.32,116.400002,118.699997,115.193253,8493600,0.0,0.0
2018-01-31,129.550003,131.009995,126.470001,126.959999,123.209244,14727300,0.0,0.0
2018-02-01,126.75,130.059998,126.010002,128.179993,124.393181,6297200,0.0,0.0
2018-02-02,127.68,128.169998,124.459999,124.529999,120.851036,6471200,0.0,0.0
2018-02-05,123.730003,126.209999,120.68,121.639999,118.04641,4533400,0.0,0.0
2018-02-06,118.860001,123.349998,117.760002,123.129997,119.492386,4652300,0.0,0.0
2018-02-07,122.860001,125.0,122.18,123.050003,119.414757,4066900,0.0,0.0
2018-02-08,123.0,123.0,116.519997,116.540001,113.097084,5478900,0.0,0.0
2018-02-09,117.959999,122.139999,114.669998,120.639999,117.075935,5945100,0.0,0.0
2018-02-12,121.779999,124.160004,121.529999,122.220001,118.609268,3695100,0.0,0.0
2018-02-13,120.849998,123.129997,120.580002,122.279999,118.667503,2388700,0.0,0.0
2018-02-14,121.230003,124.870003,121.230003,123.769997,120.113487,4293400,0.0,0.0
2018-02-15,124.830002,127.029999,123.440002,126.480003,122.743423,3207100,0.0,0.0
2018-02-16,126.43,126.790001,125.139999,126.019997,122.297005,3214500,0.0,0.0
2018-02-20,125.370003,127.550003,125.349998,126.339996,122.607574,2540600,0.0,0.0
2018-02-21,126.610001,128.100006,124.809998,124.900002,121.210114,3191000,0.0,0.0
2018-02-22,125.790001,126.349998,123.919998,124.610001,120.928665,1919700,0.0,0.0
2018-02-23,125.099998,127.279999,123.739998,127.099998,123.345116,2476900,0.0,0.0
2018-02-26,127.389999,128.800003,126.910004,128.570007,124.771675,2877800,0.0,0.0
2018-02-27,128.059998,128.600006,125.550003,125.800003,122.083496,3158800,0.0,0.0
2018-02-28,126.510002,127.75,123.669998,123.699997,120.045555,3496000,0.0,0.0
2018-03-01,124.540001,124.940002,121.330002,122.169998,118.560753,3919200,0.0,0.0
2018-03-02,120.940002,125.309998,120.580002,125.089996,121.394485,2935800,0.0,0.0
2018-03-05,124.160004,126.629997,123.690002,126.099998,122.374649,1642500,0.0,0.0
2018-03-06,126.480003,126.589996,123.459999,124.550003,120.870438,2269300,0.0,0.0
2018-03-07,123.629997,127.510002,123.25,127.169998,123.413033,2679300,0.0,0.0
2018-03-08,127.379997,129.869995,126.800003,128.820007,125.01432,3693600,0.0,0.0
2018-03-09,129.970001,130.860001,128.190002,128.490005,124.694038,2647500,0.0,0.0
2018-03-12,128.559998,129.25,127.559998,128.119995,124.334976,2341100,0.0,0.0
2018-03-13,129.050003,129.300003,125.879997,126.57,122.830788,2948600,0.0,0.0
2018-03-14,126.889999,128.080002,123.639999,127.970001,124.189407,3579500,0.0,0.0
2018-03-15,128.190002,129.850006,126.540001,129.119995,125.30542,2690700,0.0,0.0
2018-03-16,130.350006,131.130005,128.130005,128.520004,124.723167,4187200,0.0,0.0
2018-03-19,127.529999,128.080002,124.169998,125.440002,121.734146,3207700,0.0,0.0
2018-03-20,125.769997,127.779999,125.029999,126.849998,123.102493,1960100,0.0,0.0
2018-03-21,126.519997,127.739998,125.620003,126.0,122.277603,2050100,0.0,0.0
2018-03-22,124.830002,125.629997,122.669998,122.980003,119.346832,2727000,0.0,0.0
2018-03-23,123.199997,125.279999,121.379997,121.440002,117.852325,2645800,0.0,0.0
2018-03-26,124.239998,127.5,122.989998,126.440002,122.70459,2654800,0.0,0.0
2018-03-27,126.370003,126.989998,118.919998,119.980003,116.435448,3142400,0.0,0.0
2018-03-28,120.260002,121.379997,118.260002,119.330002,115.804657,3304300,0.0,0.0
2018-03-29,120.370003,123.0,118.800003,121.239998,117.658241,2809700,0.0,0.0
2018-04-02,120.480003,121.330002,116.989998,118.720001,115.212685,2610600,0.0,0.0
2018-04-03,119.870003,120.849998,117.620003,119.510002,115.979324,2378100,0.0,0.0
2018-04-04,116.709999,120.57,116.279999,120.110001,116.56163,3623800,0.0,0.0
2018-04-05,121.519997,122.779999,120.550003,121.230003,117.648514,2915200,0.0,0.0
2018-04-06,120.059998,121.199997,117.660004,118.360001,114.863319,2472900,0.0,0.0
2018-04-09,119.190002,121.07,118.529999,118.860001,115.348541,2572100,0.0,0.0
2018-04-10,120.370003,121.25,118.300003,120.709999,117.14389,2975600,0.0,0.0
2018-04-11,119.720001,120.5,118.32,118.779999,115.270905,2455200,0.0,0.0
2018-04-12,119.959999,121.589996,119.0,121.089996,117.512642,2498700,0.0,0.0
2018-04-13,122.010002,122.010002,119.650002,120.529999,116.969193,2165100,0.0,0.0
2018-04-16,121.419998,122.800003,121.279999,122.190002,118.58017,1849400,0.0,0.0
2018-04-17,123.019997,124.870003,122.870003,124.309998,120.637535,2304700,0.0,0.0
2018-04-18,124.669998,125.410004,124.050003,124.93,121.23922,1432900,0.0,0.0
2018-04-19,124.089996,125.830002,122.339996,123.110001,119.473,3081700,0.0,0.0
2018-04-20,122.540001,122.540001,119.919998,120.889999,117.318565,2753100,0.0,0.0
2018-04-23,122.389999,122.389999,119.25,119.599998,116.066673,1822400,0.0,0.0
2018-04-24,119.949997,121.419998,116.75,118.589996,115.08654,3010300,0.0,0.0
2018-04-25,118.309998,118.889999,115.809998,116.68,113.232948,3027800,0.0,0.0
2018-04-26,116.519997,120.160004,116.519997,119.599998,116.066673,3162100,0.0,0.0
2018-04-27,119.0,119.550003,115.809998,117.470001,113.999619,2536000,0.0,0.0
2018-04-30,117.639999,118.769997,116.269997,117.980003,114.494545,2227800,0.0,0.0
2018-05-01,118.059998,120.150002,117.18,119.830002,116.289871,2345900,0.0,0.0
2018-05-02,119.790001,120.510002,118.339996,118.940002,115.426193,2399900,0.0,0.0
2018-05-03,118.18,124.309998,114.879997,120.169998,116.619827,11445500,0.0,0.0
2018-05-04,119.120003,124.199997,118.410004,123.639999,119.987328,3909200,0.0,0.0
2018-05-07,124.699997,125.779999,123.360001,123.919998,120.259056,3177800,0.0,0.0
2018-05-08,123.290001,124.330002,122.160004,123.889999,120.229935,4446800,0.0,0.0
2018-05-09,127.989998,132.440002,126.07,131.009995,127.13958,7595100,0.0,0.0
2018-05-10,130.940002,133.919998,129.740005,133.759995,129.80835,4610300,0.0,0.0
2018-05-11,133.300003,134.580002,132.119995,132.809998,128.886444,4364200,0.0,0.0
2018-05-14,133.070007,133.970001,130.949997,132.529999,128.61467,2280200,0.0,0.0
2018-05-15,131.789993,132.300003,129.610001,130.110001,126.266197,2107300,0.0,0.0
2018-05-16,130.360001,131.190002,128.020004,130.860001,126.994034,1842300,0.0,0.0
2018-05-17,129.910004,132.0,129.619995,130.809998,126.945488,2773900,0.0,0.0
2018-05-18,130.740005,132.199997,129.889999,132.0,128.100342,2989200,0.0,0.0
2018-05-21,132.710007,134.610001,131.039993,132.910004,128.983429,2088400,0.0,0.0
2018-05-22,133.149994,133.860001,131.779999,132.179993,128.275009,1709900,0.0,0.0
2018-05-23,131.279999,133.539993,130.820007,133.5,129.556015,2002000,0.0,0.0
2018-05-24,133.490005,133.490005,129.570007,131.479996,127.595718,3319300,0.0,0.0
2018-05-25,131.770004,132.600006,131.149994,131.850006,127.954781,1459300,0.0,0.0
2018-05-29,130.710007,131.509995,129.839996,131.25,127.372513,1750100,0.0,0.0
2018-05-30,132.149994,132.149994,131.029999,131.369995,127.48896,1395000,0.0,0.0
2018-05-31,131.839996,132.960007,130.350006,130.910004,127.042534,2516500,0.0,0.0
2018-06-01,132.080002,135.800003,131.669998,135.690002,131.68132,2909600,0.0,0.0
2018-06-04,135.699997,136.990005,133.679993,134.660004,130.681763,2470000,0.0,0.0
2018-06-05,135.320007,137.479996,134.800003,136.960007,132.913803,2645200,0.0,0.0
2018-06-06,137.809998,138.389999,136.119995,136.940002,132.894409,2915000,0.0,0.0
2018-06-07,137.419998,138.75,135.479996,136.910004,132.865326,2481600,0.0,0.0
2018-06-08,136.710007,138.059998,136.229996,137.869995,133.796936,3494500,0.0,0.0
2018-06-11,139.080002,140.539993,138.429993,139.160004,135.048828,5073200,0.0,0.0
2018-06-12,139.0,140.399994,138.690002,139.779999,135.650497,2902100,0.0,0.0
2018-06-13,140.860001,144.919998,140.339996,143.279999,139.047104,6432900,0.0,0.0
2018-06-14,143.600006,147.039993,143.410004,144.389999,140.124283,4558800,0.0,0.0
2018-06-15,144.289993,147.130005,143.649994,146.649994,142.317551,3943800,0.0,0.0
2018-06-18,145.5,145.690002,142.440002,144.860001,140.580414,2890200,0.0,0.0
2018-06-19,143.130005,144.830002,141.619995,143.089996,138.862732,4117800,0.0,0.0
2018-06-20,143.610001,144.740005,143.240005,143.539993,139.299423,1935800,0.0,0.0
2018-06-21,144.130005,144.75,141.630005,143.149994,138.920929,1536000,0.0,0.0
2018-06-22,145.5,145.630005,140.949997,141.259995,137.086807,3053000,0.0,0.0
2018-06-25,140.729996,140.899994,138.839996,140.520004,136.368652,2574200,0.0,0.0
2018-06-26,141.449997,143.139999,140.130005,140.369995,136.223083,2691200,0.0,0.0
2018-06-27,140.729996,142.210007,137.679993,137.75,133.680466,2541800,0.0,0.0
2018-06-28,138.179993,141.380005,137.839996,140.630005,136.475372,2708200,0.0,0.0
2018-06-29,141.759995,143.149994,140.529999,141.020004,136.853912,2371200,0.0,0.0
2018-07-02,140.490005,143.580002,140.210007,143.479996,139.241211,1872100,0.0,0.0
2018-07-03,143.779999,144.160004,141.0,141.229996,137.057663,1168800,0.0,0.0
2018-07-05,142.580002,143.460007,142.070007,143.229996,138.998581,1266600,0.0,0.0
2018-07-06,143.059998,145.289993,142.960007,145.100006,140.813309,1628500,0.0,0.0
2018-07-09,145.550003,146.889999,142.270004,144.639999,140.366913,2041900,0.0,0.0
2018-07-10,144.410004,145.350006,143.360001,144.190002,139.930237,1716000,0.0,0.0
2018-07-11,143.039993,146.279999,142.75,145.720001,141.415039,2057200,0.0,0.0
2018-07-12,146.929993,148.740005,146.350006,148.610001,144.21965,1903400,0.0,0.0
2018-07-13,148.699997,151.259995,147.380005,148.729996,144.336105,2108600,0.0,0.0
2018-07-16,148.949997,149.100006,146.429993,146.679993,142.346649,1917700,0.0,0.0
2018-07-17,145.600006,149.229996,145.009995,148.740005,144.34584,2478100,0.0,0.0
2018-07-18,149.059998,150.0,147.710007,148.929993,144.530167,2486800,0.0,0.0
2018-07-19,148.119995,149.470001,147.0,147.960007,143.588852,1645500,0.0,0.0
2018-07-20,148.190002,149.789993,147.139999,147.479996,143.123016,2153700,0.0,0.0
2018-07-23,146.509995,147.860001,145.339996,146.559998,142.230209,2226900,0.0,0.0
2018-07-24,147.5,147.720001,142.960007,144.320007,140.056366,3880200,0.0,0.0
2018-07-25,144.910004,146.789993,144.25,146.5,142.171997,2944900,0.0,0.0
2018-07-26,148.0,148.0,141.059998,141.899994,137.70784,6273500,0.0,0.0
2018-07-27,134.940002,137.979996,131.25,133.809998,129.856888,11612100,0.0,0.0
2018-07-30,133.449997,133.570007,125.599998,126.209999,122.481407,9488300,0.0,0.0
2018-07-31,127.449997,128.990005,125.309998,128.75,124.946388,6231300,0.0,0.0
2018-08-01,130.25,131.210007,127.019997,127.480003,123.71389,4863900,0.0,0.0
2018-08-02,126.769997,128.869995,125.449997,128.649994,124.849312,3535300,0.0,0.0
2018-08-03,131.009995,134.0,128.850006,130.869995,127.003769,5456500,0.0,0.0
2018-08-06,130.020004,130.470001,127.650002,129.029999,125.218109,3366600,0.0,0.0
2018-08-07,130.160004,130.779999,127.309998,128.100006,124.315575,3858900,0.0,0.0
2018-08-08,128.130005,128.910004,127.099998,128.410004,124.616409,2740000,0.0,0.0
2018-08-09,128.5,128.899994,127.419998,127.82,124.043823,4261100,0.0,0.0
2018-08-10,128.199997,132.039993,126.779999,131.320007,127.440445,5190400,0.0,0.0
2018-08-13,131.410004,133.649994,130.440002,131.320007,127.440445,4636100,0.0,0.0
2018-08-14,131.0,132.309998,129.119995,131.910004,128.013016,3052900,0.0,0.0
2018-08-15,129.820007,130.759995,126.019997,128.050003,124.267044,5484700,0.0,0.0
2018-08-16,129.970001,130.929993,128.020004,129.710007,125.878014,4673400,0.0,0.0
2018-08-17,128.809998,129.440002,126.980003,128.009995,124.228218,3805600,0.0,0.0
2018-08-20,127.080002,128.300003,125.580002,127.709999,123.937096,3625400,0.0,0.0
2018-08-21,128.539993,129.169998,125.970001,126.760002,123.015144,5814300,0.0,0.0
2018-08-22,126.059998,129.070007,124.660004,127.620003,123.849747,6609700,0.0,0.0
2018-08-23,127.629997,127.989998,125.790001,126.110001,122.384346,4468200,0.0,0.0
2018-08-24,126.889999,129.5,126.349998,128.970001,125.159866,3483300,0.0,0.0
2018-08-27,130.289993,130.570007,128.070007,128.970001,125.159866,2404600,0.0,0.0
2018-08-28,129.610001,129.789993,127.18,127.790001,124.014732,2418700,0.0,0.0
2018-08-29,127.559998,128.880005,127.029999,128.520004,124.723167,3138100,0.0,0.0
2018-08-30,120.599998,121.650002,115.660004,115.940002,112.514809,19585500,0.0,0.0
2018-08-31,115.129997,115.5,113.089996,113.410004,110.059547,9652900,0.0,0.0
2018-09-04,113.720001,114.400002,111.940002,113.519997,110.166313,5245500,0.0,0.0
2018-09-05,112.980003,113.43,110.980003,111.550003,108.254501,4311100,0.0,0.0
2018-09-06,111.849998,113.779999,111.209999,113.199997,109.855751,6382600,0.0,0.0
2018-09-07,112.739998,116.0,112.629997,114.910004,111.515228,5742500,0.0,0.0
2018-09-10,115.25,115.650002,112.870003,113.209999,109.865463,4424900,0.0,0.0
2018-09-11,112.290001,113.18,110.529999,112.290001,108.972626,4217300,0.0,0.0
2018-09-12,112.010002,113.720001,111.669998,113.0,109.661644,3068300,0.0,0.0
2018-09-13,113.75,114.610001,113.029999,113.839996,110.476837,2506600,0.0,0.0
2018-09-14,114.410004,116.510002,113.75,114.269997,110.894142,3207500,0.0,0.0
2018-09-17,114.379997,114.739998,112.620003,112.690002,109.360817,3516000,0.0,0.0
2018-09-18,112.830002,113.959999,111.879997,112.650002,109.321991,3448400,0.0,0.0
2018-09-19,112.989998,113.25,110.849998,112.919998,109.584023,3013200,0.0,0.0
2018-09-20,113.419998,114.519997,112.5,113.470001,110.117767,3747000,0.0,0.0
2018-09-21,114.120003,116.029999,113.959999,115.019997,111.621979,7421800,0.0,0.0
2018-09-24,114.720001,115.639999,113.800003,115.239998,111.835495,2831500,0.0,0.0
2018-09-25,115.209999,116.440002,114.870003,116.25,112.815651,2591100,0.0,0.0
2018-09-26,116.870003,119.870003,116.550003,118.089996,114.601273,5062600,0.0,0.0
2018-09-27,118.400002,119.599998,117.730003,119.379997,115.853172,3290000,0.0,0.0
2018-09-28,119.089996,120.660004,119.010002,120.489998,116.930374,3904900,0.0,0.0
2018-10-01,121.150002,121.300003,116.290001,117.550003,114.077232,5741600,0.0,0.0
2018-10-02,117.5,118.239998,116.18,117.050003,113.592026,4160100,0.0,0.0
2018-10-03,117.489998,118.169998,116.209999,116.389999,112.951508,3632600,0.0,0.0
2018-10-04,116.389999,116.389999,112.760002,114.010002,110.641815,5235500,0.0,0.0
2018-10-05,114.400002,115.75,111.989998,113.730003,110.370102,3571400,0.0,0.0
2018-10-08,112.82,113.290001,109.800003,110.620003,107.351959,4784400,0.0,0.0
2018-10-09,110.800003,112.209999,109.290001,109.489998,106.255348,5238500,0.0,0.0
2018-10-10,108.669998,109.120003,104.970001,105.150002,102.043571,7443800,0.0,0.0
2018-10-11,104.449997,105.389999,102.300003,103.599998,100.539368,6251700,0.0,0.0
2018-10-12,106.959999,108.129997,104.410004,106.099998,102.9655,5384500,0.0,0.0
2018-10-15,105.449997,107.029999,104.019997,105.879997,102.752007,2602000,0.0,0.0
2018-10-16,106.760002,108.510002,106.529999,107.419998,104.246529,5441900,0.0,0.0
2018-10-17,107.760002,109.360001,106.940002,108.790001,105.576035,3196200,0.0,0.0
2018-10-18,107.339996,107.849998,104.769997,105.800003,102.674393,4731800,0.0,0.0
2018-10-19,106.300003,107.489998,101.980003,102.110001,99.093384,5432300,0.0,0.0
2018-10-22,102.809998,104.239998,101.239998,101.360001,98.365562,4983100,0.0,0.0
2018-10-23,99.410004,100.059998,97.800003,99.089996,96.162598,6842900,0.0,0.0
2018-10-24,98.809998,100.199997,96.099998,96.25,93.406494,4851800,0.0,0.0
2018-10-25,97.860001,99.480003,97.620003,98.639999,95.725914,5610900,0.0,0.0
2018-10-26,95.93,98.760002,95.589996,96.220001,93.377396,4263500,0.0,0.0
2018-10-29,95.779999,97.300003,89.120003,91.190002,88.495995,9957000,0.0,0.0
2018-10-30,91.669998,94.830002,91.0,94.830002,92.028481,6678700,0.0,0.0
2018-10-31,92.0,95.370003,89.940002,90.980003,88.292213,17510800,0.0,0.0
2018-11-01,91.0,95.050003,91.0,94.199997,91.417053,5444200,0.0,0.0
2018-11-02,95.290001,95.800003,91.839996,92.459999,89.728455,5325300,0.0,0.0
2018-11-05,92.57,93.059998,91.160004,92.690002,89.951683,4163800,0.0,0.0
2018-11-06,92.690002,93.5,91.57,92.230003,89.505257,4121700,0.0,0.0
2018-11-07,93.0,94.629997,92.260002,93.800003,91.028877,7249200,0.0,0.0
2018-11-08,94.010002,94.239998,92.330002,93.870003,91.096817,5045800,0.0,0.0
2018-11-09,92.860001,92.860001,88.220001,88.889999,86.263947,7236500,0.0,0.0
2018-11-12,88.599998,88.879997,86.010002,87.660004,85.070274,5123600,0.0,0.0
2018-11-13,88.330002,89.349998,86.989998,87.389999,84.808258,3732300,0.0,0.0
2018-11-14,88.239998,88.360001,84.980003,85.760002,83.226418,3591300,0.0,0.0
2018-11-15,86.019997,88.279999,84.860001,88.25,85.642845,3827400,0.0,0.0
2018-11-16,87.449997,87.879997,84.980003,85.970001,83.430191,4585300,0.0,0.0
2018-11-19,86.099998,86.209999,82.720001,83.040001,80.586761,4461800,0.0,0.0
2018-11-20,80.82,83.43,80.419998,83.019997,80.567368,5388800,0.0,0.0
2018-11-21,83.940002,85.480003,83.43,84.019997,81.537827,3272900,0.0,0.0
2018-11-23,83.82,84.25,82.419998,82.669998,80.227684,1906800,0.0,0.0
2018-11-26,83.519997,85.010002,82.489998,84.93,82.420914,5383800,0.0,0.0
2018-11-27,84.68,85.669998,83.239998,85.040001,82.527679,3372200,0.0,0.0
2018-11-28,85.510002,86.32,83.919998,85.900002,83.362274,4197200,0.0,0.0
2018-11-29,85.089996,87.239998,84.629997,86.389999,83.837784,3527300,0.0,0.0
2018-11-30,86.309998,86.830002,83.730003,84.07,81.586349,5395500,0.0,0.0
2018-12-03,85.809998,86.639999,83.339996,84.0,81.518402,5052200,0.0,0.0
2018-12-04,83.440002,84.889999,81.0,81.18,78.781715,5129500,0.0,0.0
2018-12-06,79.940002,83.879997,79.5,83.879997,81.401932,5747500,0.0,0.0
2018-12-07,83.779999,85.139999,82.220001,82.519997,80.082115,4589100,0.0,0.0
2018-12-10,82.339996,84.599998,82.300003,83.730003,81.256378,3888400,0.0,0.0
2018-12-11,85.120003,85.32,82.730003,83.440002,80.974937,3876700,0.0,0.0
2018-12-12,84.32,85.370003,82.910004,82.989998,80.538239,3400500,0.0,0.0
2018-12-13,83.910004,83.940002,80.779999,80.860001,78.471161,5011100,0.0,0.0
2018-12-14,79.82,81.949997,79.139999,80.160004,77.791855,5227600,0.0,0.0
2018-12-17,80.139999,82.019997,78.480003,79.230003,76.88932,4083500,0.0,0.0
2018-12-18,79.68,81.800003,79.379997,80.0,77.636566,6191100,0.0,0.0
2018-12-19,80.029999,81.220001,77.339996,78.360001,76.045036,6416600,0.0,0.0
2018-12-20,77.68,79.389999,76.459999,77.440002,75.152206,5567700,0.0,0.0
2018-12-21,78.300003,79.459999,75.629997,76.57,74.307907,7829900,0.0,0.0
2018-12-24,75.760002,77.400002,74.379997,74.720001,72.512573,2556900,0.0,0.0
2018-12-26,75.199997,77.949997,73.910004,77.889999,75.588921,3257300,0.0,0.0
2018-12-27,77.110001,79.459999,76.760002,79.43,77.083405,4261000,0.0,0.0
2018-12-28,79.959999,80.290001,78.300003,79.300003,76.95726,2733600,0.0,0.0
2018-12-31,80.0,80.379997,78.300003,78.910004,76.578796,2942400,0.0,0.0
2019-01-02,77.220001,80.639999,77.199997,80.370003,77.995659,3176600,0.0,0.0
2019-01-03,79.449997,80.349998,77.620003,78.709999,76.384682,3747100,0.0,0.0
2019-01-04,80.82,85.25,80.040001,84.419998,81.92598,7254400,0.0,0.0
2019-01-07,84.889999,88.099998,83.440002,87.589996,85.002327,6611300,0.0,0.0
2019-01-08,88.459999,89.739998,87.690002,89.019997,86.390083,6468300,0.0,0.0
2019-01-09,89.809998,90.989998,87.889999,88.910004,86.283363,4178800,0.0,0.0
2019-01-10,88.790001,91.440002,88.519997,91.010002,88.321312,4745600,0.0,0.0
2019-01-11,90.669998,91.589996,89.910004,90.699997,88.020439,3757600,0.0,0.0
2019-01-14,89.620003,89.980003,88.419998,88.580002,85.963081,3351500,0.0,0.0
2019-01-15,88.959999,89.580002,88.370003,89.489998,86.846214,2794600,0.0,0.0
2019-01-16,88.0,90.089996,85.959999,89.919998,87.263504,6613100,0.0,0.0
2019-01-17,87.949997,89.849998,87.650002,89.309998,86.671524,4283300,0.0,0.0
2019-01-18,90.309998,93.160004,90.230003,92.519997,89.786682,5403600,0.0,0.0
2019-01-22,91.68,91.989998,90.010002,91.309998,88.61245,4474700,0.0,0.0
2019-01-23,91.93,92.0,88.440002,89.129997,86.496849,4085900,0.0,0.0
2019-01-24,89.360001,91.550003,88.529999,91.480003,88.777435,3167900,0.0,0.0
2019-01-25,92.449997,92.980003,90.870003,91.739998,89.029732,4167700,0.0,0.0
2019-01-28,89.449997,90.650002,88.650002,90.470001,87.797272,4339500,0.0,0.0
2019-01-29,89.889999,89.889999,86.82,87.239998,84.662697,3961400,0.0,0.0
2019-01-30,87.620003,89.269997,86.849998,89.230003,86.59391,3797800,0.0,0.0
2019-01-31,89.980003,92.800003,89.550003,92.239998,89.514961,4148200,0.0,0.0
2019-02-01,92.199997,92.800003,90.830002,91.220001,88.525093,2890300,0.0,0.0
2019-02-04,91.059998,91.07,88.190002,88.43,85.817535,5982500,0.0,0.0
2019-02-05,89.059998,92.849998,88.889999,92.519997,89.786682,11931400,0.0,0.0
2019-02-06,79.139999,81.589996,78.0,80.209999,77.840378,30198600,0.0,0.0
2019-02-07,79.900002,85.589996,79.900002,84.099998,81.615433,11391300,0.0,0.0
2019-02-08,86.510002,97.650002,85.0,97.599998,94.716629,26898500,0.0,0.0
2019-02-11,102.160004,106.949997,96.730003,97.239998,94.367264,38704500,0.0,0.0
2019-02-12,106.309998,106.699997,99.019997,102.330002,99.306877,31161300,0.0,0.0
2019-02-13,104.559998,105.239998,100.68,102.25,99.229225,15890000,0.0,0.0
2019-02-14,101.410004,105.870003,101.0,105.25,102.140617,10547000,0.0,0.0
2019-02-15,107.400002,108.800003,104.730003,106.839996,103.683632,11254900,0.0,0.0
2019-02-19,105.75,105.75,101.290001,102.959999,99.918282,10882700,0.0,0.0
2019-02-20,102.43,102.910004,97.550003,98.629997,95.716194,10649100,0.0,0.0
2019-02-21,98.769997,98.989998,96.0,96.860001,93.998497,8104300,0.0,0.0
2019-02-22,97.059998,97.309998,92.849998,95.919998,93.08625,11617000,0.0,0.0
2019-02-25,96.32,96.629997,93.639999,95.860001,93.028023,7046600,0.0,0.0
2019-02-26,95.650002,99.610001,94.82,98.5,95.590034,8701100,0.0,0.0
2019-02-27,98.82,100.809998,97.400002,97.839996,94.949524,5207600,0.0,0.0
2019-02-28,97.959999,98.639999,95.669998,95.779999,92.950401,5695000,0.0,0.0
2019-03-01,96.830002,97.940002,95.309998,97.410004,94.532234,4443600,0.0,0.0
2019-03-04,98.309998,99.43,95.57,97.290001,94.415794,7187200,0.0,0.0
2019-03-05,96.260002,97.059998,95.150002,95.720001,92.892151,6041900,0.0,0.0
2019-03-06,95.32,96.379997,94.129997,94.769997,91.970215,3987500,0.0,0.0
2019-03-07,95.0,99.559998,94.470001,99.360001,96.424606,8866800,0.0,0.0
2019-03-08,97.959999,99.75,97.480003,98.360001,95.454178,7357900,0.0,0.0
2019-03-11,98.599998,99.959999,97.940002,99.040001,96.114075,4623500,0.0,0.0
2019-03-12,99.400002,99.5,98.150002,98.589996,95.677368,3737600,0.0,0.0
2019-03-13,98.690002,101.080002,97.769997,100.129997,97.17189,6980000,0.0,0.0
2019-03-14,100.220001,100.339996,97.540001,98.830002,95.910294,5908900,0.0,0.0
2019-03-15,99.660004,100.150002,98.239998,98.980003,96.055847,5141800,0.0,0.0
2019-03-18,99.160004,99.889999,96.730003,99.660004,96.715767,5113000,0.0,0.0
2019-03-19,100.330002,100.550003,97.0,97.510002,94.629295,6156800,0.0,0.0
2019-03-20,97.440002,98.389999,96.349998,97.029999,94.163437,4824200,0.0,0.0
2019-03-21,96.489998,105.0,96.489998,104.879997,101.781563,9533400,0.0,0.0
2019-03-22,104.43,104.480003,101.160004,102.339996,99.316574,7158900,0.0,0.0
2019-03-25,102.400002,103.540001,100.870003,101.730003,98.724609,3812400,0.0,0.0
2019-03-26,102.660004,104.550003,101.5,102.32,99.297173,4059300,0.0,0.0
2019-03-27,102.699997,102.860001,100.279999,100.669998,97.695923,2900800,0.0,0.0
2019-03-28,100.709999,102.470001,100.279999,102.199997,99.180725,2347100,0.0,0.0
2019-03-29,102.650002,102.970001,101.239998,101.629997,98.627563,3180800,0.0,0.0
2019-04-01,103.029999,103.949997,101.620003,102.669998,99.636841,2879200,0.0,0.0
2019-04-02,103.010002,103.099998,100.160004,100.839996,97.860893,3157500,0.0,0.0
2019-04-03,100.910004,102.160004,100.07,100.150002,97.191292,3522800,0.0,0.0
2019-04-04,99.989998,100.300003,97.589996,97.940002,95.04657,4308700,0.0,0.0
2019-04-05,98.5,99.889999,97.959999,99.43,96.492569,3738000,0.0,0.0
2019-04-08,99.010002,99.419998,95.660004,97.949997,95.056282,3951000,0.0,0.0
2019-04-09,97.540001,99.150002,97.400002,98.25,95.347412,2543200,0.0,0.0
2019-04-10,98.580002,100.349998,98.379997,99.629997,96.686638,2199500,0.0,0.0
2019-04-11,100.0,101.400002,99.629997,100.580002,97.608582,2530500,0.0,0.0
2019-04-12,101.129997,102.389999,100.32,101.830002,98.821655,2375900,0.0,0.0
2019-04-15,100.550003,100.989998,97.120003,97.849998,94.959244,3965600,0.0,0.0
2019-04-16,97.410004,97.5,92.800003,93.830002,91.058006,7638900,0.0,0.0
2019-04-17,94.459999,94.459999,91.0,91.949997,89.233543,9779000,0.0,0.0
2019-04-18,92.07,93.580002,91.099998,93.139999,90.38839,4262200,0.0,0.0
2019-04-22,92.75,93.040001,91.879997,92.519997,89.786682,3011200,0.0,0.0
2019-04-23,93.099998,94.959999,92.839996,94.629997,91.834366,3850800,0.0,0.0
2019-04-24,94.900002,95.279999,93.870003,94.150002,91.368546,3041500,0.0,0.0
2019-04-25,94.150002,94.199997,92.68,92.980003,90.233124,2993000,0.0,0.0
2019-04-26,93.459999,94.580002,92.82,94.470001,91.679092,3496300,0.0,0.0
2019-04-29,94.889999,95.589996,94.150002,94.730003,91.931404,3122600,0.0,0.0
2019-04-30,94.489998,95.080002,93.800003,94.650002,91.853745,2824600,0.0,0.0
2019-05-01,95.010002,97.199997,94.739998,94.860001,92.057564,4264300,0.0,0.0
2019-05-02,95.25,96.330002,93.889999,94.400002,91.611153,3609500,0.0,0.0
2019-05-03,93.699997,93.879997,90.699997,92.5,89.767296,6385800,0.0,0.0
2019-05-06,91.099998,93.989998,90.519997,93.760002,90.990059,4413700,0.0,0.0
2019-05-07,93.110001,93.400002,91.830002,92.730003,89.990494,7090900,0.0,0.0
2019-05-08,99.110001,99.57,92.18,93.879997,91.106529,17468500,0.0,0.0
2019-05-09,92.519997,94.239998,92.199997,93.32,90.563057,5159100,0.0,0.0
2019-05-10,93.029999,94.160004,91.010002,93.879997,91.106529,3979100,0.0,0.0
2019-05-13,92.010002,93.120003,89.910004,90.419998,87.748749,3685400,0.0,0.0
2019-05-14,90.919998,95.519997,90.75,94.57,91.776123,5769300,0.0,0.0
2019-05-15,93.800003,98.32,93.660004,96.769997,93.911125,4694700,0.0,0.0
2019-05-16,96.739998,99.050003,96.110001,99.0,96.075256,3728600,0.0,0.0
2019-05-17,98.260002,98.949997,96.650002,97.260002,94.386665,3031500,0.0,0.0
2019-05-20,95.440002,96.0,92.309998,92.690002,89.951683,3842900,0.0,0.0
2019-05-21,93.400002,96.25,93.25,95.650002,92.824234,3958200,0.0,0.0
2019-05-22,94.839996,95.599998,93.629997,93.839996,91.067688,1831200,0.0,0.0
2019-05-23,93.339996,94.739998,91.360001,92.110001,89.388817,3072500,0.0,0.0
2019-05-24,92.669998,93.309998,91.489998,92.269997,89.544075,2262600,0.0,0.0
2019-05-28,92.980003,94.209999,92.639999,93.5,90.73774,2729300,0.0,0.0
2019-05-29,92.760002,93.809998,91.809998,92.550003,89.815819,1889400,0.0,0.0
2019-05-30,92.739998,93.040001,91.5,92.129997,89.408218,2513500,0.0,0.0
2019-05-31,90.900002,93.279999,90.889999,93.080002,90.330147,2818700,0.0,0.0
2019-06-03,93.290001,94.239998,90.779999,91.309998,88.61245,3405400,0.0,0.0
2019-06-04,91.589996,94.209999,90.190002,94.129997,91.349136,2833500,0.0,0.0
2019-06-05,93.690002,95.989998,93.690002,95.25,92.43605,2584000,0.0,0.0
2019-06-06,95.959999,97.379997,95.059998,96.389999,93.542366,2654200,0.0,0.0
2019-06-07,97.0,98.690002,96.57,96.989998,94.124634,2021500,0.0,0.0
2019-06-10,98.0,98.129997,94.050003,95.510002,92.688354,2503200,0.0,0.0
2019-06-11,96.379997,96.5,94.25,94.580002,91.785851,2097800,0.0,0.0
2019-06-12,94.800003,94.959999,91.720001,92.669998,89.932259,2579200,0.0,0.0
2019-06-13,92.919998,94.339996,92.410004,93.57,90.805687,2526800,0.0,0.0
2019-06-14,93.559998,93.790001,90.459999,92.730003,89.990494,3297400,0.0,0.0
2019-06-17,92.620003,93.510002,92.0,92.440002,89.709068,2431900,0.0,0.0
2019-06-18,93.480003,95.300003,91.940002,92.029999,89.311165,3955900,0.0,0.0
2019-06-19,92.389999,93.18,91.32,92.580002,89.844925,2795300,0.0,0.0
2019-06-20,93.75,94.889999,93.07,93.190002,90.43692,2578300,0.0,0.0
2019-06-21,92.980003,95.980003,91.400002,95.330002,92.513695,6237400,0.0,0.0
2019-06-24,95.660004,99.559998,95.230003,99.0,96.075256,5066800,0.0,0.0
2019-06-25,98.769997,99.110001,96.080002,96.900002,94.0373,3364000,0.0,0.0
2019-06-26,97.510002,98.040001,95.620003,97.32,94.444901,2827100,0.0,0.0
2019-06-27,97.669998,99.68,96.849998,99.139999,96.211121,2907700,0.0,0.0
2019-06-28,100.739998,101.449997,99.230003,101.260002,98.268486,5185200,0.0,0.0
2019-07-01,102.650002,102.879997,99.82,100.889999,97.909416,3447500,0.0,0.0
2019-07-02,101.760002,103.589996,100.790001,102.720001,99.685371,3934200,0.0,0.0
2019-07-03,103.0,103.190002,97.589996,98.110001,95.211555,4659700,0.0,0.0
2019-07-05,97.769997,97.830002,91.349998,93.599998,90.834785,11794100,0.0,0.0
2019-07-08,93.440002,93.629997,91.419998,93.440002,90.679512,4512600,0.0,0.0
2019-07-09,92.5,92.699997,90.540001,92.050003,89.330566,4747000,0.0,0.0
2019-07-10,92.160004,94.139999,91.639999,93.959999,91.184158,4561600,0.0,0.0
2019-07-11,93.790001,94.849998,92.57,93.489998,90.72805,3320700,0.0,0.0
2019-07-12,93.68,93.970001,92.349998,92.82,90.077835,2657600,0.0,0.0
2019-07-15,92.75,93.010002,91.830002,92.220001,89.49556,2816900,0.0,0.0
2019-07-16,92.309998,92.410004,88.43,89.550003,86.904449,6090200,0.0,0.0
2019-07-17,89.75,90.849998,89.309998,89.699997,87.050003,3097400,0.0,0.0
2019-07-18,88.900002,89.470001,88.019997,89.190002,86.555077,4105700,0.0,0.0
2019-07-19,89.349998,89.410004,87.470001,87.5,84.914978,3676400,0.0,0.0
2019-07-22,88.019997,89.129997,87.510002,88.139999,85.536079,3200000,0.0,0.0
2019-07-23,88.879997,89.139999,87.709999,88.220001,85.613724,2428900,0.0,0.0
2019-07-24,88.040001,89.940002,88.0,89.779999,87.127663,2137100,0.0,0.0
2019-07-25,88.449997,89.769997,87.879997,89.160004,86.525963,2891200,0.0,0.0
2019-07-26,89.5,90.489998,89.279999,89.510002,86.865623,2281400,0.0,0.0
2019-07-29,89.410004,89.790001,86.949997,88.870003,86.244537,5162900,0.0,0.0
2019-07-30,87.93,89.010002,86.239998,88.57,85.953392,5666000,0.0,0.0
2019-07-31,94.0,96.540001,91.040001,92.5,89.767296,11152800,0.0,0.0
2019-08-01,93.25,97.07,93.080002,94.599998,91.805229,5870300,0.0,0.0
2019-08-02,94.75,95.370003,91.830002,92.889999,90.145752,2764900,0.0,0.0
2019-08-05,90.309998,91.760002,88.220001,88.589996,85.972809,5117100,0.0,0.0
2019-08-06,90.809998,91.559998,89.620003,90.099998,87.438194,3604500,0.0,0.0
2019-08-07,89.120003,92.349998,88.699997,92.269997,89.544075,4498100,0.0,0.0
2019-08-08,92.949997,95.290001,92.480003,95.230003,92.416634,3849300,0.0,0.0
2019-08-09,94.370003,94.870003,91.400002,91.970001,89.252953,3496700,0.0,0.0
2019-08-12,91.5,92.559998,91.040001,91.769997,89.058853,1845800,0.0,0.0
2019-08-13,91.959999,93.559998,91.25,92.339996,89.61203,2414600,0.0,0.0
2019-08-14,90.410004,90.75,87.5,88.099998,85.497269,5458800,0.0,0.0
2019-08-15,88.949997,88.949997,87.230003,87.879997,85.28376,2821100,0.0,0.0
2019-08-16,88.559998,90.379997,88.07,89.559998,86.914139,2814900,0.0,0.0
2019-08-19,91.239998,91.699997,90.120003,90.910004,88.224251,2511800,0.0,0.0
2019-08-20,90.580002,93.57,90.279999,92.699997,89.961365,4328000,0.0,0.0
2019-08-21,93.550003,94.980003,92.620003,94.040001,91.261795,3007200,0.0,0.0
2019-08-22,94.440002,94.949997,92.720001,94.620003,91.824669,2718400,0.0,0.0
2019-08-23,94.589996,95.730003,92.620003,92.910004,90.165184,4213300,0.0,0.0
2019-08-26,93.769997,94.529999,93.25,94.379997,91.591743,2919400,0.0,0.0
2019-08-27,94.75,96.300003,94.059998,94.059998,91.281204,3773100,0.0,0.0
2019-08-28,93.769997,94.040001,91.57,92.400002,89.670265,3710100,0.0,0.0
2019-08-29,93.290001,93.730003,92.589996,93.029999,90.281616,2601200,0.0,0.0
2019-08-30,93.529999,94.209999,92.980003,93.68,90.912422,1704300,0.0,0.0
2019-09-03,92.730003,95.169998,92.650002,94.830002,92.028481,3263400,0.0,0.0
2019-09-04,95.239998,98.120003,94.760002,97.949997,95.056282,3434700,0.0,0.0
2019-09-05,98.699997,99.480003,96.559998,97.449997,94.571022,3020400,0.0,0.0
2019-09-06,98.029999,99.82,97.650002,98.529999,95.619148,2886000,0.0,0.0
2019-09-09,99.010002,99.879997,97.440002,98.68,95.764717,3115800,0.0,0.0
2019-09-10,98.449997,101.230003,97.769997,99.5,96.560493,4010500,0.0,0.0
2019-09-11,100.029999,100.650002,98.760002,99.110001,96.182007,2409300,0.0,0.0
2019-09-12,99.889999,101.779999,98.050003,98.339996,95.434769,4123000,0.0,0.0
2019-09-13,98.57,99.349998,98.160004,98.480003,95.570625,1719400,0.0,0.0
2019-09-16,98.029999,99.239998,97.519997,99.120003,96.191719,1820400,0.0,0.0
2019-09-17,99.480003,99.550003,97.540001,98.419998,95.512405,1815400,0.0,0.0
2019-09-18,97.730003,98.339996,96.529999,98.279999,95.376526,1815800,0.0,0.0
2019-09-19,98.279999,99.900002,98.279999,99.690002,96.744888,2546900,0.0,0.0
2019-09-20,100.199997,100.519997,98.269997,98.699997,95.784103,3494900,0.0,0.0
2019-09-23,98.230003,99.410004,97.860001,98.18,95.27948,2067400,0.0,0.0
2019-09-24,98.080002,98.379997,96.730003,97.360001,94.483711,2855200,0.0,0.0
2019-09-25,97.099998,97.82,95.830002,97.629997,94.745728,1964500,0.0,0.0
2019-09-26,97.610001,97.970001,95.660004,96.620003,93.765564,1954200,0.0,0.0
2019-09-27,97.019997,97.75,95.050003,95.669998,92.84362,1967900,0.0,0.0
2019-09-30,95.849998,97.989998,95.68,97.82,94.930107,2522000,0.0,0.0
2019-10-01,97.809998,98.0,95.129997,96.75,93.891731,3717900,0.0,0.0
2019-10-02,96.0,96.0,92.440002,94.25,91.465607,4097200,0.0,0.0
2019-10-03,93.529999,95.029999,92.879997,94.339996,91.55294,3855600,0.0,0.0
2019-10-04,94.339996,95.769997,94.339996,95.610001,92.785416,2221100,0.0,0.0
2019-10-07,95.120003,95.82,93.32,93.57,90.805687,2923200,0.0,0.0
2019-10-08,93.029999,93.830002,92.160004,92.540001,89.806107,2803400,0.0,0.0
2019-10-09,93.019997,94.5,92.800003,92.879997,90.136032,1584400,0.0,0.0
2019-10-10,92.660004,93.559998,92.209999,92.529999,89.796402,1963000,0.0,0.0
2019-10-11,93.93,95.870003,93.75,94.190002,91.407379,3131700,0.0,0.0
2019-10-14,94.0,94.660004,92.709999,93.879997,91.106529,2369000,0.0,0.0
2019-10-15,94.139999,95.279999,93.220001,95.150002,92.339005,2124900,0.0,0.0
2019-10-16,94.410004,96.360001,94.400002,96.220001,93.377396,2981100,0.0,0.0
2019-10-17,96.709999,98.0,96.519997,96.760002,93.901443,2421100,0.0,0.0
2019-10-18,96.050003,96.099998,94.050003,95.129997,92.319603,3151100,0.0,0.0
2019-10-21,95.480003,96.830002,95.0,95.809998,92.9795,1982700,0.0,0.0
2019-10-22,94.169998,95.769997,93.209999,94.300003,91.51413,3364200,0.0,0.0
2019-10-23,94.43,96.25,94.360001,95.709999,92.882462,2132300,0.0,0.0
2019-10-24,96.160004,96.970001,95.169998,95.980003,93.144478,3237900,0.0,0.0
2019-10-25,95.540001,96.349998,94.610001,96.309998,93.464722,2070100,0.0,0.0
2019-10-28,97.0,97.900002,96.199997,96.720001,93.862617,3615700,0.0,0.0
2019-10-29,96.720001,97.519997,94.370003,94.410004,91.620857,7032500,0.0,0.0
2019-10-30,94.25,96.839996,92.559998,96.720001,93.862617,7143500,0.0,0.0
2019-10-31,96.620003,96.720001,94.870003,96.400002,93.552078,3263400,0.0,0.0
2019-11-01,97.120003,97.120003,95.080002,95.300003,92.484558,3369700,0.0,0.0
2019-11-04,96.349998,98.529999,95.599998,98.150002,95.250359,3841000,0.0,0.0
2019-11-05,98.129997,98.989998,96.629997,98.260002,95.357132,2719900,0.0,0.0
2019-11-06,98.68,99.18,97.970001,98.669998,95.755013,2448100,0.0,0.0
2019-11-07,99.290001,99.290001,97.019997,97.230003,94.357567,2156400,0.0,0.0
2019-11-08,96.910004,98.5,96.32,98.269997,95.366852,2306600,0.0,0.0
2019-11-11,97.550003,98.900002,96.309998,96.389999,93.542366,2159800,0.0,0.0
2019-11-12,96.410004,96.830002,95.25,96.330002,93.484138,3684300,0.0,0.0
2019-11-13,96.620003,96.970001,95.540001,96.0,93.163902,2860000,0.0,0.0
2019-11-14,96.199997,98.480003,96.120003,97.540001,94.658394,3300700,0.0,0.0
2019-11-15,98.849998,99.389999,97.370003,97.540001,94.658394,3315500,0.0,0.0
2019-11-18,97.43,98.099998,96.699997,97.389999,94.512825,2646600,0.0,0.0
2019-11-19,97.209999,97.870003,96.32,96.690002,93.833511,3415400,0.0,0.0
2019-11-20,96.120003,98.910004,96.120003,98.120003,95.221268,3035700,0.0,0.0
2019-11-21,98.25,99.230003,98.209999,99.010002,96.084976,2817300,0.0,0.0
2019-11-22,99.660004,99.93,98.32,99.190002,96.259651,2690200,0.0,0.0
2019-11-25,99.279999,101.239998,99.279999,99.800003,96.851639,2812400,0.0,0.0
2019-11-26,99.870003,100.139999,98.709999,99.279999,96.346985,2827300,0.0,0.0
2019-11-27,100.089996,100.970001,98.75,100.790001,97.812378,1862700,0.0,0.0
2019-11-29,100.029999,102.0,100.019997,101.010002,98.025887,1271600,0.0,0.0
2019-12-02,101.419998,101.599998,99.57,100.400002,97.433899,2723600,0.0,0.0
2019-12-03,99.540001,101.470001,99.099998,101.269997,98.278183,2609900,0.0,0.0
2019-12-04,101.769997,102.389999,100.419998,100.629997,97.657112,2735200,0.0,0.0
2019-12-05,101.449997,102.269997,100.360001,102.120003,99.103088,2261600,0.0,0.0
2019-12-06,102.889999,103.300003,102.349998,103.230003,100.180321,2564100,0.0,0.0
2019-12-09,103.339996,103.5,101.93,102.029999,99.015732,1992800,0.0,0.0
2019-12-10,101.839996,102.5,101.290001,101.839996,98.83136,2006000,0.0,0.0
2019-12-11,101.870003,103.510002,101.82,103.199997,100.151184,2096800,0.0,0.0
2019-12-12,103.540001,105.169998,103.190002,105.089996,101.985344,2518500,0.0,0.0
2019-12-13,105.339996,105.839996,103.809998,104.550003,101.461296,2451600,0.0,0.0
2019-12-16,105.010002,105.919998,104.82,105.720001,102.596725,1849000,0.0,0.0
2019-12-17,105.860001,106.230003,105.120003,105.75,102.625854,1374300,0.0,0.0
2019-12-18,106.0,107.25,105.639999,107.080002,103.91655,1573400,0.0,0.0
2019-12-19,107.0,107.879997,106.639999,107.339996,104.168877,1541800,0.0,0.0
2019-12-20,108.019997,108.449997,107.059998,107.949997,104.760864,3320200,0.0,0.0
2019-12-23,108.269997,108.919998,107.669998,107.790001,104.605583,1622600,0.0,0.0
2019-12-24,107.779999,108.870003,107.730003,108.550003,105.343124,606100,0.0,0.0
2019-12-26,108.559998,108.889999,108.110001,108.510002,105.304298,1676500,0.0,0.0
2019-12-27,108.599998,108.889999,107.800003,108.43,105.226662,1163400,0.0,0.0
2019-12-30,108.110001,108.370003,106.760002,106.93,103.770966,1758400,0.0,0.0
2019-12-31,106.580002,107.519997,106.43,107.510002,104.33387,1436200,0.0,0.0
2020-01-02,107.940002,108.349998,106.760002,107.339996,104.168877,1901000,0.0,0.0
2020-01-03,105.580002,107.75,105.120003,107.199997,104.033005,1840300,0.0,0.0
2020-01-06,106.949997,109.309998,106.629997,108.779999,105.56633,2934200,0.0,0.0
2020-01-07,109.0,109.25,107.730003,108.389999,105.187859,1692400,0.0,0.0
2020-01-08,108.18,110.0,107.779999,109.489998,106.255348,2651600,0.0,0.0
2020-01-09,110.0,110.339996,108.269997,109.360001,106.129181,1818600,0.0,0.0
2020-01-10,109.199997,109.269997,108.199997,108.589996,105.381943,1756000,0.0,0.0
2020-01-13,109.050003,110.07,108.620003,109.82,106.575592,1857400,0.0,0.0
2020-01-14,109.660004,110.169998,108.709999,109.580002,106.342705,1723400,0.0,0.0
2020-01-15,109.790001,110.449997,109.139999,109.610001,106.371819,1479100,0.0,0.0
2020-01-16,110.0,111.290001,109.949997,111.260002,107.973061,2108300,0.0,0.0
2020-01-17,112.370003,112.989998,111.550003,112.93,109.593742,3053300,0.0,0.0
2020-01-21,112.550003,112.970001,111.769997,112.410004,109.089088,2165000,0.0,0.0
2020-01-22,112.769997,114.040001,112.68,113.089996,109.749001,2423100,0.0,0.0
2020-01-23,112.919998,113.730003,112.0,113.480003,110.12748,1564900,0.0,0.0
2020-01-24,114.019997,114.129997,111.629997,112.330002,109.011452,2304000,0.0,0.0
2020-01-27,110.239998,111.190002,109.949997,110.559998,107.293755,2175500,0.0,0.0
2020-01-28,111.290001,112.879997,111.059998,111.900002,108.59417,2961900,0.0,0.0
2020-01-29,112.510002,112.959999,111.239998,112.209999,108.894989,2463900,0.0,0.0
2020-01-30,111.43,111.889999,110.309998,111.639999,108.341843,3838500,0.0,0.0
2020-01-31,110.75,110.75,105.5,107.919998,104.73175,6995800,0.0,0.0
2020-02-03,107.93,109.449997,104.400002,105.040001,101.936829,4155500,0.0,0.0
2020-02-04,106.440002,107.419998,105.330002,107.07,103.906853,4190500,0.0,0.0
2020-02-05,108.620003,108.959999,107.120003,107.82,104.634674,2895700,0.0,0.0
2020-02-06,108.800003,110.349998,108.410004,110.0,106.750275,2500600,0.0,0.0
2020-02-07,109.169998,110.959999,108.739998,109.089996,105.867195,2231300,0.0,0.0
2020-02-10,109.019997,109.760002,108.230003,108.699997,105.488686,2170800,0.0,0.0
2020-02-11,108.949997,109.230003,107.940002,109.040001,105.818665,1195300,0.0,0.0
2020-02-12,109.669998,109.980003,108.589996,109.720001,106.478561,1567200,0.0,0.0
2020-02-13,109.150002,109.339996,107.970001,108.839996,105.624565,1627000,0.0,0.0
2020-02-14,108.900002,109.889999,108.75,109.690002,106.449455,1227500,0.0,0.0
2020-02-18,109.089996,109.830002,108.699997,109.459999,106.226265,2171400,0.0,0.0
2020-02-19,110.099998,110.900002,109.400002,109.779999,106.536781,1540000,0.0,0.0
2020-02-20,108.720001,109.370003,107.449997,109.199997,105.973915,4034000,0.0,0.0
2020-02-21,108.489998,108.940002,106.800003,108.010002,104.819084,2546900,0.0,0.0
2020-02-24,105.050003,107.93,105.019997,107.029999,103.868034,2817100,0.0,0.0
2020-02-25,107.720001,109.220001,105.239998,105.379997,102.266792,3651300,0.0,0.0
2020-02-26,106.360001,108.260002,105.599998,106.540001,103.392509,2858000,0.0,0.0
2020-02-27,104.349998,106.400002,102.720001,102.739998,99.704773,4906200,0.0,0.0
2020-02-28,100.290001,101.889999,98.589996,101.370003,98.375229,6853700,0.0,0.0
2020-03-02,101.919998,106.93,101.709999,106.889999,103.732162,4291500,0.0,0.0
2020-03-03,106.730003,109.709999,105.379997,106.699997,103.547791,3984800,0.0,0.0
2020-03-04,108.290001,111.940002,108.059998,111.830002,108.526215,4289700,0.0,0.0
2020-03-05,109.489998,111.93,109.110001,110.209999,106.954086,3029900,0.0,0.0
2020-03-06,106.449997,108.760002,105.0,107.669998,104.489128,3886200,0.0,0.0
2020-03-09,101.57,104.18,99.910004,100.93,97.948235,4784300,0.0,0.0
2020-03-10,101.400002,103.57,96.650002,103.379997,100.325859,6525600,0.0,0.0
2020-03-11,101.610001,102.169998,98.330002,101.18,98.190834,4906000,0.0,0.0
2020-03-12,94.790001,99.419998,92.550003,93.349998,90.592178,6288700,0.0,0.0
2020-03-13,98.739998,99.610001,92.75,97.059998,94.192589,5842000,0.0,0.0
2020-03-16,89.190002,96.120003,85.690002,88.669998,86.050438,6196600,0.0,0.0
2020-03-17,91.599998,98.199997,87.110001,95.410004,92.591324,6370100,0.0,0.0
2020-03-18,91.5,97.690002,85.919998,90.209999,87.544937,7073400,0.0,0.0
2020-03-19,90.949997,93.980003,86.0,90.059998,87.399384,6549700,0.0,0.0
2020-03-20,92.239998,94.370003,86.75,86.940002,84.371544,6174400,0.0,0.0
2020-03-23,89.730003,97.720001,88.43,95.470001,92.649559,8149000,0.0,0.0
2020-03-24,100.0,103.099998,90.809998,94.300003,91.51413,5765200,0.0,0.0
2020-03-25,93.529999,94.150002,89.459999,89.639999,86.991768,5005600,0.0,0.0
2020-03-26,90.470001,99.57,90.080002,99.199997,96.269356,5750300,0.0,0.0
2020-03-27,96.529999,99.68,94.629997,95.370003,92.552513,4519800,0.0,0.0
2020-03-30,96.769997,99.290001,96.169998,97.690002,94.803947,3352700,0.0,0.0
2020-03-31,97.790001,101.0,96.620003,100.169998,97.210693,3762300,0.0,0.0
2020-04-01,98.379997,99.839996,96.699997,97.529999,94.648689,4056500,0.0,0.0
2020-04-02,98.099998,102.82,97.5,102.290001,99.268066,3793000,0.0,0.0
2020-04-03,102.809998,104.349998,100.790001,102.830002,99.792107,4084300,0.0,0.0
2020-04-06,105.389999,107.5,104.550003,106.510002,103.363403,4280200,0.0,0.0
2020-04-07,107.129997,107.459999,100.110001,106.32,103.179001,5496100,0.0,0.0
2020-04-08,106.949997,108.239998,105.25,106.800003,103.644852,3199600,0.0,0.0
2020-04-09,106.0,109.379997,105.059998,105.800003,102.674393,3717200,0.0,0.0
2020-04-13,105.650002,109.779999,104.650002,109.300003,106.070969,2680800,0.0,0.0
2020-04-14,111.800003,113.019997,110.0,112.029999,108.720306,2622800,0.0,0.0
2020-04-15,110.739998,114.470001,110.209999,113.510002,110.156586,3100000,0.0,0.0
2020-04-16,114.75,118.690002,114.529999,118.099998,114.610992,4020600,0.0,0.0
2020-04-17,116.709999,117.0,112.650002,115.150002,111.748146,5032100,0.0,0.0
2020-04-20,114.839996,116.529999,113.919998,115.410004,112.000473,2946100,0.0,0.0
2020-04-21,114.68,116.199997,112.110001,113.269997,109.923668,2483200,0.0,0.0
2020-04-22,114.360001,115.07,111.18,114.57,111.185287,2558900,0.0,0.0
2020-04-23,114.699997,116.629997,113.690002,114.459999,111.078529,2737700,0.0,0.0
2020-04-24,115.669998,116.68,114.089996,116.309998,112.873871,1753800,0.0,0.0
2020-04-27,117.970001,118.470001,115.129997,116.019997,112.59243,2352000,0.0,0.0
2020-04-28,116.0,116.489998,110.919998,111.349998,108.06041,4647900,0.0,0.0
2020-04-29,111.870003,114.449997,110.860001,112.779999,109.448166,3911900,0.0,0.0
2020-04-30,112.480003,114.489998,112.400002,114.260002,110.884445,3506700,0.0,0.0
2020-05-01,113.129997,114.360001,112.059998,113.269997,109.923668,2378600,0.0,0.0
2020-05-04,113.910004,117.559998,113.650002,116.830002,113.378525,3284800,0.0,0.0
2020-05-05,118.32,120.190002,116.300003,119.610001,116.07637,5060600,0.0,0.0
2020-05-06,115.0,117.160004,111.830002,115.32,111.913124,6082900,0.0,0.0
2020-05-07,116.269997,116.940002,114.730003,116.800003,113.34938,3579000,0.0,0.0
2020-05-08,116.25,117.519997,115.580002,116.620003,113.174728,3597800,0.0,0.0
2020-05-11,116.93,118.5,116.349998,117.370003,113.902557,2899100,0.0,0.0
2020-05-12,117.68,119.519997,116.290001,116.370003,112.932106,2875700,0.0,0.0
2020-05-13,117.07,119.160004,114.519997,116.900002,113.446457,3079200,0.0,0.0
2020-05-14,116.5,117.260002,114.459999,117.120003,113.659935,2802800,0.0,0.0
2020-05-15,116.220001,118.900002,116.110001,118.129997,114.640083,3268100,0.0,0.0
2020-05-18,116.709999,117.919998,114.730003,117.120003,113.659935,4335100,0.0,0.0
2020-05-19,116.769997,119.370003,116.720001,118.540001,115.037994,2517900,0.0,0.0
2020-05-20,119.099998,121.760002,119.059998,119.550003,116.018166,3530400,0.0,0.0
2020-05-21,119.879997,119.879997,117.199997,117.360001,113.892845,2257100,0.0,0.0
2020-05-22,117.220001,120.010002,116.620003,119.82,116.280174,2287300,0.0,0.0
2020-05-26,120.440002,120.480003,116.190002,116.639999,113.194107,3260800,0.0,0.0
2020-05-27,115.07,117.760002,111.110001,117.379997,113.912262,4978700,0.0,0.0
2020-05-28,117.989998,122.099998,116.769997,121.349998,117.764984,4752400,0.0,0.0
2020-05-29,122.290001,123.139999,119.269997,122.879997,119.249779,4571900,0.0,0.0
2020-06-01,123.279999,124.279999,122.370003,122.779999,119.15274,2036400,0.0,0.0
2020-06-02,123.25,123.529999,120.68,122.360001,118.745132,2357800,0.0,0.0
2020-06-03,122.150002,122.150002,117.190002,117.93,114.446037,3813000,0.0,0.0
2020-06-04,117.480003,119.110001,116.050003,117.18,113.718178,2905300,0.0,0.0
2020-06-05,115.440002,119.199997,113.279999,118.32,114.824478,3355300,0.0,0.0
2020-06-08,116.5,119.580002,115.889999,119.510002,115.979324,3500100,0.0,0.0
2020-06-09,120.099998,121.760002,118.540001,121.07,117.493263,2346000,0.0,0.0
2020-06-10,122.150002,125.660004,121.459999,124.809998,121.122749,3956100,0.0,0.0
2020-06-11,124.660004,127.540001,121.940002,122.419998,118.803375,3509300,0.0,0.0
2020-06-12,123.099998,124.760002,119.809998,121.970001,118.366676,2525400,0.0,0.0
2020-06-15,122.900002,127.5,122.709999,126.519997,122.782242,3882600,0.0,0.0
2020-06-16,127.139999,127.870003,125.059998,125.730003,122.015594,2513800,0.0,0.0
2020-06-17,126.730003,129.009995,126.290001,128.110001,124.325256,2173300,0.0,0.0
2020-06-18,128.100006,129.449997,128.100006,129.350006,125.528648,2461100,0.0,0.0
2020-06-19,131.130005,131.240005,127.900002,130.190002,126.343788,4239900,0.0,0.0
2020-06-22,131.020004,131.860001,128.800003,129.720001,125.887718,2869200,0.0,0.0
2020-06-23,131.320007,133.600006,130.199997,130.600006,126.741692,2553400,0.0,0.0
2020-06-24,130.550003,131.600006,128.649994,130.869995,127.003769,2208900,0.0,0.0
2020-06-25,131.479996,131.889999,129.089996,130.740005,126.877594,2174400,0.0,0.0
2020-06-26,130.919998,131.380005,128.089996,130.929993,127.061935,4905100,0.0,0.0
2020-06-29,130.979996,132.369995,129.199997,130.690002,126.829102,1679600,0.0,0.0
2020-06-30,132.610001,132.610001,130.699997,132.050003,128.14888,2177400,0.0,0.0
2020-07-01,132.039993,135.520004,131.330002,135.220001,131.22522,3026300,0.0,0.0
2020-07-02,136.419998,136.419998,133.470001,133.839996,129.885971,1893300,0.0,0.0
2020-07-06,135.470001,136.520004,133.509995,134.270004,130.303284,2322100,0.0,0.0
2020-07-07,133.869995,137.419998,133.800003,134.779999,130.798248,1895900,0.0,0.0
2020-07-08,135.910004,136.339996,134.509995,135.610001,131.603683,1866600,0.0,0.0
2020-07-09,136.360001,139.110001,136.059998,138.770004,134.670349,2312100,0.0,0.0
2020-07-10,139.419998,141.25,138.289993,140.809998,136.650101,2119800,0.0,0.0
2020-07-13,141.009995,141.580002,134.770004,135.309998,131.312576,2570300,0.0,0.0
2020-07-14,134.199997,138.789993,133.479996,138.529999,134.437393,2409300,0.0,0.0
2020-07-15,137.979996,138.979996,135.839996,138.429993,134.340378,2050900,0.0,0.0
2020-07-16,137.839996,138.360001,135.75,138.050003,133.971573,1301700,0.0,0.0
2020-07-17,138.179993,138.729996,136.839996,138.309998,134.223923,2040700,0.0,0.0
2020-07-20,139.429993,142.309998,138.75,141.529999,137.34877,1589700,0.0,0.0
2020-07-21,141.559998,141.990005,138.889999,139.339996,135.223526,1481400,0.0,0.0
2020-07-22,140.949997,140.949997,137.869995,138.300003,134.214249,2057600,0.0,0.0
2020-07-23,139.300003,139.570007,134.729996,135.360001,131.361084,1896400,0.0,0.0
2020-07-24,133.75,136.259995,132.720001,135.240005,131.244629,1354100,0.0,0.0
2020-07-27,135.490005,137.139999,134.820007,136.160004,132.137466,1819200,0.0,0.0
2020-07-28,135.419998,136.309998,134.389999,134.779999,130.798248,1319800,0.0,0.0
2020-07-29,135.770004,136.509995,134.690002,135.929993,131.914169,1532800,0.0,0.0
2020-07-30,135.699997,138.839996,135.25,138.589996,134.495667,2717700,0.0,0.0
2020-07-31,142.039993,142.839996,137.100006,141.619995,137.436157,4301200,0.0,0.0
2020-08-03,141.550003,143.429993,139.550003,142.360001,138.154297,2233800,0.0,0.0
2020-08-04,143.240005,146.5,143.100006,146.320007,141.997299,2680300,0.0,0.0
2020-08-05,145.820007,146.339996,143.259995,146.179993,141.86142,1936900,0.0,0.0
2020-08-06,146.330002,147.360001,144.5,146.949997,142.608688,1671700,0.0,0.0
2020-08-07,146.429993,146.839996,142.320007,143.990005,139.736176,1514800,0.0,0.0
2020-08-10,142.770004,143.990005,139.5,140.699997,136.543335,1378300,0.0,0.0
2020-08-11,141.149994,141.149994,135.559998,135.699997,131.69104,2221700,0.0,0.0
2020-08-12,136.880005,140.300003,136.179993,139.899994,135.766953,1714200,0.0,0.0
2020-08-13,141.119995,142.850006,140.580002,141.770004,137.581711,1191200,0.0,0.0
2020-08-14,141.639999,142.009995,139.949997,140.429993,136.281265,1904200,0.0,0.0
2020-08-17,139.25,140.970001,138.309998,140.449997,136.30072,1481000,0.0,0.0
2020-08-18,140.600006,142.740005,140.160004,142.580002,138.367783,1413900,0.0,0.0
2020-08-19,142.279999,143.619995,141.070007,141.860001,137.669083,1816600,0.0,0.0
2020-08-20,141.619995,143.960007,141.050003,143.479996,139.241211,1268100,0.0,0.0
2020-08-21,142.759995,142.990005,140.839996,141.210007,137.038269,1940000,0.0,0.0
2020-08-24,142.270004,142.839996,141.210007,142.330002,138.125153,1842600,0.0,0.0
2020-08-25,142.009995,142.399994,141.0,142.210007,138.008759,857600,0.0,0.0
2020-08-26,142.059998,144.5,142.059998,143.630005,139.386749,1580500,0.0,0.0
2020-08-27,143.380005,143.740005,139.850006,141.770004,137.581711,1923000,0.0,0.0
2020-08-28,142.339996,142.339996,140.009995,140.869995,136.708298,1553800,0.0,0.0
2020-08-31,141.080002,141.110001,138.089996,139.470001,135.34967,2727200,0.0,0.0
2020-09-01,140.740005,140.740005,137.080002,138.289993,134.204514,2710100,0.0,0.0
2020-09-02,138.0,140.300003,136.639999,139.559998,135.437012,2337400,0.0,0.0
2020-09-03,138.240005,138.240005,131.220001,132.820007,128.896118,3430500,0.0,0.0
2020-09-04,131.630005,132.649994,126.910004,130.130005,126.285614,2429700,0.0,0.0
2020-09-08,127.459999,127.5,123.330002,124.300003,120.627823,4622600,0.0,0.0
2020-09-09,126.540001,129.520004,124.889999,128.699997,124.897835,2776500,0.0,0.0
2020-09-10,129.880005,131.130005,126.339996,127.260002,123.500397,2460000,0.0,0.0
2020-09-11,127.989998,128.389999,124.400002,126.019997,122.297005,1746600,0.0,0.0
2020-09-14,127.93,128.009995,125.93,126.18,122.452286,1376900,0.0,0.0
2020-09-15,127.989998,129.860001,127.5,128.330002,124.538788,2129600,0.0,0.0
2020-09-16,128.990005,129.520004,126.470001,126.739998,122.995735,1832200,0.0,0.0
2020-09-17,124.220001,126.540001,123.540001,125.260002,121.559471,2151800,0.0,0.0
2020-09-18,125.489998,126.699997,123.370003,125.900002,122.18055,3402700,0.0,0.0
2020-09-21,124.330002,128.470001,124.150002,128.289993,124.499962,2017400,0.0,0.0
2020-09-22,129.839996,131.220001,128.460007,131.020004,127.149277,2081900,0.0,0.0
2020-09-23,131.570007,132.320007,127.940002,128.419998,124.626099,2444400,0.0,0.0
2020-09-24,128.210007,130.309998,128.089996,129.320007,125.499519,2001500,0.0,0.0
2020-09-25,129.509995,132.009995,128.690002,131.190002,127.314308,1915600,0.0,0.0
2020-09-28,133.360001,133.850006,130.869995,132.279999,128.372055,1796500,0.0,0.0
2020-09-29,132.059998,132.429993,129.5,130.020004,126.178833,1793500,0.0,0.0
2020-09-30,129.729996,131.990005,129.449997,130.410004,126.55735,2164200,0.0,0.0
2020-10-01,132.070007,134.059998,131.460007,132.779999,128.857315,1868800,0.0,0.0
2020-10-02,131.369995,132.240005,127.709999,129.070007,125.256927,1751200,0.0,0.0
2020-10-05,130.089996,132.949997,129.070007,130.720001,126.858154,1270100,0.0,0.0
2020-10-06,130.360001,130.399994,124.519997,124.839996,121.151878,3753700,0.0,0.0
2020-10-07,126.410004,126.5,123.970001,125.010002,121.316856,3257500,0.0,0.0
2020-10-08,126.099998,126.379997,124.419998,125.989998,122.267891,1959600,0.0,0.0
2020-10-09,126.860001,128.440002,125.919998,127.449997,123.684761,1991700,0.0,0.0
2020-10-12,128.979996,132.070007,127.830002,130.880005,127.013466,2106600,0.0,0.0
2020-10-13,131.869995,133.539993,130.160004,132.940002,129.012558,2117300,0.0,0.0
2020-10-14,133.789993,133.860001,131.740005,132.75,128.82814,2520500,0.0,0.0
2020-10-15,131.070007,132.410004,129.880005,131.339996,127.459877,1900100,0.0,0.0
2020-10-16,132.5,133.259995,131.050003,131.919998,128.022705,1925000,0.0,0.0
2020-10-19,133.139999,133.889999,129.509995,129.869995,126.033264,1454300,0.0,0.0
2020-10-20,130.419998,130.600006,127.089996,127.360001,123.597427,2249200,0.0,0.0
2020-10-21,127.980003,129.449997,127.300003,127.650002,123.878853,2200800,0.0,0.0
2020-10-22,127.779999,128.009995,125.400002,126.919998,123.170395,1791800,0.0,0.0
2020-10-23,127.239998,127.650002,125.529999,126.769997,123.024841,1215200,0.0,0.0
2020-10-26,126.410004,127.5,125.029999,126.68,122.937508,2166000,0.0,0.0
2020-10-27,127.360001,127.580002,126.099998,126.620003,122.879288,1452800,0.0,0.0
2020-10-28,125.620003,127.07,124.809998,125.599998,121.889412,2079600,0.0,0.0
2020-10-29,125.790001,126.169998,122.769997,123.900002,120.239655,2633500,0.0,0.0
2020-10-30,122.989998,124.089996,118.519997,119.830002,116.289871,3312900,0.0,0.0
2020-11-02,120.940002,121.059998,117.790001,119.809998,116.270454,2650000,0.0,0.0
2020-11-03,120.75,121.459999,119.400002,120.739998,117.172997,2022200,0.0,0.0
2020-11-04,124.879997,126.980003,123.720001,125.309998,121.607994,2594800,0.0,0.0
2020-11-05,128.880005,128.880005,126.279999,128.330002,124.538788,3291700,0.0,0.0
2020-11-06,119.5,120.699997,114.529999,119.190002,115.668785,12151100,0.0,0.0
2020-11-09,116.459999,121.300003,110.150002,116.970001,113.514374,7097200,0.0,0.0
2020-11-10,116.989998,120.529999,114.779999,118.93,115.416466,4454200,0.0,0.0
2020-11-11,120.300003,120.639999,117.589996,119.779999,116.241348,3572900,0.0,0.0
2020-11-12,120.93,122.32,118.970001,119.32,115.794945,2339800,0.0,0.0
2020-11-13,120.220001,121.459999,119.370003,120.800003,117.231239,2110900,0.0,0.0
2020-11-16,119.25,120.709999,117.550003,118.599998,115.096222,3069300,0.0,0.0
2020-11-17,119.330002,120.650002,118.050003,118.519997,115.018585,2954200,0.0,0.0
2020-11-18,118.339996,118.580002,116.650002,116.839996,113.388214,2509200,0.0,0.0
2020-11-19,116.739998,121.519997,116.410004,120.139999,116.590736,2839200,0.0,0.0
2020-11-20,119.529999,123.0,119.099998,121.870003,118.2696,3186800,0.0,0.0
2020-11-23,122.029999,123.389999,120.440002,121.860001,118.259911,2085800,0.0,0.0
2020-11-24,121.489998,121.970001,119.739998,120.25,116.697464,3471800,0.0,0.0
2020-11-25,120.809998,123.559998,120.599998,121.510002,117.920242,2850900,0.0,0.0
2020-11-27,123.580002,125.0,122.410004,124.169998,120.501663,2489400,0.0,0.0
2020-11-30,124.769997,128.399994,123.269997,127.75,123.975906,10085200,0.0,0.0
2020-12-01,127.580002,128.0,125.660004,127.239998,123.645523,2826200,0.17,0.0
2020-12-02,127.029999,129.75,126.480003,129.539993,125.880508,1905700,0.0,0.0
2020-12-03,130.5,130.869995,128.179993,128.380005,124.753311,2352200,0.0,0.0
2020-12-04,126.419998,129.149994,126.25,128.690002,125.054543,2743100,0.0,0.0
2020-12-07,129.190002,130.979996,128.880005,130.839996,127.143852,2671200,0.0,0.0
2020-12-08,130.429993,132.539993,129.720001,132.149994,128.416824,2835800,0.0,0.0
2020-12-09,131.559998,133.630005,130.839996,133.169998,129.407944,4229400,0.0,0.0
2020-12-10,131.660004,135.369995,131.25,134.679993,130.87532,2903800,0.0,0.0
2020-12-11,134.779999,137.110001,134.630005,135.800003,131.963699,3195700,0.0,0.0
2020-12-14,138.5,138.589996,136.600006,137.539993,133.654526,3356900,0.0,0.0
2020-12-15,137.809998,140.800003,137.110001,140.660004,136.686447,3394600,0.0,0.0
2020-12-16,139.5,143.449997,139.330002,141.600006,137.599869,4029200,0.0,0.0
2020-12-17,141.949997,142.5,138.320007,139.850006,135.899277,3625700,0.0,0.0
2020-12-18,140.660004,142.970001,139.580002,142.610001,138.581314,4874000,0.0,0.0
2020-12-21,141.630005,142.369995,138.970001,141.009995,137.026489,2631100,0.0,0.0
2020-12-22,141.240005,141.720001,138.690002,139.429993,135.491119,2102900,0.0,0.0
2020-12-23,139.520004,142.389999,138.630005,141.509995,137.512375,1762400,0.0,0.0
2020-12-24,141.320007,142.199997,140.779999,141.809998,137.80394,688100,0.0,0.0
2020-12-28,142.330002,142.550003,138.779999,140.720001,136.744675,1756100,0.0,0.0
2020-12-29,141.0,142.130005,140.279999,140.699997,136.725281,1188400,0.0,0.0
2020-12-30,141.389999,142.630005,140.889999,142.050003,138.037109,1684500,0.0,0.0
2020-12-31,141.910004,143.860001,141.910004,143.600006,139.543335,1689900,0.0,0.0
2021-01-04,143.440002,143.649994,138.160004,139.509995,135.568863,3587000,0.0,0.0
2021-01-05,140.229996,141.399994,138.490005,141.320007,137.327744,2117800,0.0,0.0
2021-01-06,138.520004,140.199997,136.389999,136.800003,132.935455,2398500,0.0,0.0
2021-01-07,137.330002,140.869995,137.0,140.740005,136.764114,2936200,0.0,0.0
2021-01-08,140.860001,142.0,139.929993,141.860001,137.852509,1902700,0.0,0.0
2021-01-11,141.520004,141.720001,139.309998,141.220001,137.230591,2589800,0.0,0.0
2021-01-12,141.089996,141.800003,137.300003,139.059998,135.131607,2166700,0.0,0.0
2021-01-13,138.570007,138.949997,134.630005,136.339996,132.488419,3696500,0.0,0.0
2021-01-14,136.830002,139.380005,136.130005,138.940002,135.014923,3511800,0.0,0.0
2021-01-15,139.259995,140.660004,137.910004,139.0,135.073273,2443700,0.0,0.0
2021-01-19,139.410004,143.0,138.0,141.429993,137.434631,2693300,0.0,0.0
2021-01-20,142.429993,145.919998,141.789993,145.600006,141.486847,3288400,0.0,0.0
2021-01-21,145.610001,147.279999,144.740005,145.970001,141.84642,3014000,0.0,0.0
2021-01-22,144.979996,146.479996,144.509995,146.0,141.875565,3369200,0.0,0.0
2021-01-25,148.809998,150.300003,145.380005,146.300003,142.167068,3728600,0.0,0.0
2021-01-26,146.360001,146.960007,145.190002,146.300003,142.167068,3660300,0.0,0.0
2021-01-27,145.830002,148.929993,144.539993,146.229996,142.09903,4368100,0.0,0.0
2021-01-28,146.199997,146.630005,142.899994,143.009995,138.970001,3276700,0.0,0.0
2021-01-29,141.0,144.570007,140.470001,143.199997,139.154648,3665400,0.0,0.0
2021-02-01,143.789993,147.289993,143.529999,145.869995,141.749222,4123100,0.0,0.0
2021-02-02,146.149994,150.300003,146.149994,148.970001,144.761612,4185700,0.0,0.0
2021-02-03,144.360001,144.610001,138.039993,140.820007,136.841919,6695600,0.0,0.0
2021-02-04,140.559998,142.149994,137.759995,138.630005,134.713745,3930200,0.0,0.0
2021-02-05,139.910004,142.470001,139.300003,141.220001,137.230591,3899200,0.0,0.0
2021-02-08,142.0,142.490005,139.339996,142.460007,138.435547,2538400,0.0,0.0
2021-02-09,142.570007,148.229996,142.429993,146.110001,141.982468,4517900,0.0,0.0
2021-02-10,146.949997,147.410004,144.119995,144.610001,140.524841,2827100,0.0,0.0
2021-02-11,145.330002,147.940002,144.610001,147.330002,143.167999,2592700,0.0,0.0
2021-02-12,146.820007,147.839996,145.039993,147.740005,143.566422,1666100,0.0,0.0
2021-02-16,146.850006,147.910004,144.619995,145.779999,141.661774,2526400,0.0,0.0
2021-02-17,145.070007,146.029999,143.369995,145.830002,141.710327,1653900,0.0,0.0
2021-02-18,146.050003,148.410004,144.179993,147.410004,143.245667,2087500,0.0,0.0
2021-02-19,147.679993,148.979996,145.440002,145.949997,141.826981,2144000,0.0,0.0
2021-02-22,144.660004,145.399994,142.0,142.259995,138.241211,1833100,0.0,0.0
2021-02-23,140.229996,141.970001,136.190002,141.169998,137.181976,2787000,0.0,0.0
2021-02-24,138.300003,139.619995,136.929993,137.679993,133.790558,3735500,0.0,0.0
2021-02-25,137.25,138.960007,134.100006,135.240005,131.419525,3042600,0.0,0.0
2021-02-26,135.710007,137.830002,133.910004,133.970001,130.18541,3646600,0.0,0.0
2021-03-01,134.839996,137.860001,134.759995,137.270004,133.392166,2867400,0.0,0.0
2021-03-02,137.149994,138.279999,135.600006,136.820007,133.119736,2720500,0.17,0.0
2021-03-03,135.929993,136.75,132.720001,133.050003,129.451706,2778500,0.0,0.0
2021-03-04,132.570007,134.770004,130.509995,131.289993,127.739311,2938300,0.0,0.0
2021-03-05,131.529999,132.929993,129.509995,132.600006,129.01387,2511000,0.0,0.0
2021-03-08,131.990005,132.520004,127.169998,127.209999,123.769646,2182200,0.0,0.0
2021-03-09,130.240005,133.039993,129.970001,130.929993,127.389008,2936700,0.0,0.0
2021-03-10,132.639999,132.639999,129.809998,130.119995,126.600929,1842300,0.0,0.0
2021-03-11,132.460007,132.809998,131.0,131.339996,127.787949,2218100,0.0,0.0
2021-03-12,129.929993,131.0,129.210007,130.490005,126.960922,1327700,0.0,0.0
2021-03-15,130.440002,130.940002,129.139999,130.889999,127.350105,2181700,0.0,0.0
2021-03-16,132.460007,133.699997,131.5,131.740005,128.177139,2281000,0.0,0.0
2021-03-17,131.25,131.25,128.75,130.600006,127.067932,2398600,0.0,0.0
2021-03-18,130.039993,130.580002,127.290001,128.0,124.538284,3482500,0.0,0.0
2021-03-19,128.520004,129.809998,127.980003,128.399994,124.927444,4191400,0.0,0.0
2021-03-22,129.410004,132.460007,128.600006,131.410004,127.856033,3153600,0.0,0.0
2021-03-23,131.539993,134.479996,131.039993,133.050003,129.451706,2521200,0.0,0.0
2021-03-24,132.970001,133.309998,129.710007,129.800003,126.289581,2165800,0.0,0.0
2021-03-25,129.059998,130.429993,128.169998,130.029999,126.513367,1956600,0.0,0.0
2021-03-26,130.240005,133.0,129.679993,132.850006,129.257111,2229500,0.0,0.0
2021-03-29,132.509995,136.009995,131.529999,134.970001,131.319763,2366900,0.0,0.0
2021-03-30,133.410004,134.509995,132.440002,134.429993,130.794373,1952000,0.0,0.0
2021-03-31,134.710007,136.669998,134.270004,135.369995,131.708969,2305100,0.0,0.0
2021-04-01,136.729996,138.419998,136.279999,137.960007,134.228912,1724900,0.0,0.0
2021-04-05,137.509995,141.75,137.270004,141.539993,137.712082,2424400,0.0,0.0
2021-04-06,141.089996,142.419998,140.399994,141.279999,137.459137,2129800,0.0,0.0
2021-04-07,141.300003,142.770004,140.759995,142.009995,138.169342,1910200,0.0,0.0
2021-04-08,142.839996,143.229996,140.690002,141.550003,137.721802,1776000,0.0,0.0
2021-04-09,140.600006,140.729996,138.440002,140.460007,136.661316,1765500,0.0,0.0
2021-04-12,139.419998,141.690002,139.330002,141.449997,137.624496,2058100,0.0,0.0
2021-04-13,142.589996,143.880005,141.449997,142.110001,138.266647,2105300,0.0,0.0
2021-04-14,141.919998,143.050003,141.270004,141.610001,137.780182,1424900,0.0,0.0
2021-04-15,141.610001,142.970001,140.619995,142.770004,138.908813,1654300,0.0,0.0
2021-04-16,142.110001,142.410004,140.270004,141.050003,137.235321,2468400,0.0,0.0
2021-04-19,140.0,141.350006,138.75,139.630005,135.85376,2856300,0.0,0.0
2021-04-20,139.600006,141.75,138.830002,140.860001,137.050491,2058300,0.0,0.0
2021-04-21,140.309998,141.199997,139.089996,141.039993,137.225601,1576700,0.0,0.0
2021-04-22,141.110001,143.270004,140.419998,141.259995,137.439697,2498500,0.0,0.0
2021-04-23,142.520004,143.600006,140.839996,143.139999,139.268829,2365300,0.0,0.0
2021-04-26,143.630005,145.389999,143.039993,143.789993,139.901215,1749200,0.0,0.0
2021-04-27,144.360001,144.429993,142.5,143.460007,139.580185,2159500,0.0,0.0
2021-04-28,144.089996,144.949997,143.320007,143.990005,140.095825,1453500,0.0,0.0
2021-04-29,144.300003,146.720001,143.490005,146.339996,142.382263,1698700,0.0,0.0
2021-04-30,145.100006,146.289993,141.899994,142.080002,138.237473,2551400,0.0,0.0
2021-05-03,142.710007,143.470001,141.050003,141.179993,137.361816,2242800,0.0,0.0
2021-05-04,140.729996,140.880005,135.75,137.059998,133.353241,2511900,0.0,0.0
2021-05-05,138.020004,140.610001,137.630005,137.860001,134.131607,2126700,0.0,0.0
2021-05-06,137.580002,141.419998,137.580002,141.339996,137.517517,1957300,0.0,0.0
2021-05-07,142.589996,143.839996,141.779999,142.419998,138.568283,1603800,0.0,0.0
2021-05-10,141.449997,143.330002,140.619995,140.649994,136.846115,3119100,0.0,0.0
2021-05-11,138.899994,142.470001,138.690002,141.360001,137.536957,4112800,0.0,0.0
2021-05-12,141.660004,142.699997,137.789993,139.669998,135.892639,5809100,0.0,0.0
2021-05-13,138.919998,140.940002,138.029999,139.130005,135.367264,2322900,0.0,0.0
2021-05-14,140.210007,140.710007,137.850006,138.619995,134.871048,2494400,0.0,0.0
2021-05-17,137.050003,138.350006,136.449997,137.529999,133.810547,2031200,0.0,0.0
2021-05-18,137.309998,140.690002,136.759995,138.059998,134.326172,2079500,0.0,0.0
2021-05-19,135.979996,139.199997,135.559998,138.880005,135.124008,1720100,0.0,0.0
2021-05-20,139.919998,143.100006,139.009995,141.809998,137.974777,2459000,0.0,0.0
2021-05-21,142.470001,143.190002,139.880005,140.169998,136.37912,2967400,0.0,0.0
2021-05-24,141.389999,142.669998,140.169998,142.089996,138.247223,1649800,0.0,0.0
2021-05-25,142.589996,143.839996,141.5,143.259995,139.385529,1897000,0.0,0.0
2021-05-26,144.0,145.729996,143.179993,143.990005,140.095825,1617000,0.0,0.0
2021-05-27,143.320007,144.460007,142.520004,142.929993,139.064484,1913200,0.0,0.0
2021-05-28,143.309998,144.210007,142.720001,142.929993,139.064484,1341000,0.0,0.0
2021-06-01,142.169998,144.149994,142.169998,143.619995,139.902237,2610300,0.17,0.0
2021-06-02,143.690002,143.860001,140.929993,141.399994,137.7397,1522100,0.0,0.0
2021-06-03,140.889999,142.550003,140.649994,141.990005,138.314423,1574900,0.0,0.0
2021-06-04,142.899994,145.820007,142.639999,145.210007,141.45105,1919500,0.0,0.0
2021-06-07,144.740005,145.960007,144.050003,145.720001,141.947906,1510500,0.0,0.0
2021-06-08,146.449997,147.259995,145.199997,145.5,141.733566,1157900,0.0,0.0
2021-06-09,146.279999,147.440002,145.570007,145.820007,142.045303,1769800,0.0,0.0
2021-06-10,146.360001,146.399994,142.309998,145.660004,141.88945,3279100,0.0,0.0
2021-06-11,145.229996,146.759995,144.979996,146.389999,142.600525,1247500,0.0,0.0
2021-06-14,146.660004,148.740005,146.149994,148.550003,144.70462,1746200,0.0,0.0
2021-06-15,148.919998,148.929993,144.309998,144.800003,141.051712,1795600,0.0,0.0
2021-06-16,143.960007,144.259995,140.449997,142.600006,138.908615,2922500,0.0,0.0
2021-06-17,142.139999,143.550003,140.669998,141.929993,138.255951,2199700,0.0,0.0
2021-06-18,142.0,142.639999,139.919998,141.119995,137.466949,3235600,0.0,0.0
2021-06-21,139.380005,142.089996,138.789993,140.960007,137.311066,2628500,0.0,0.0
2021-06-22,141.169998,141.660004,140.070007,140.860001,137.21373,1531700,0.0,0.0
2021-06-23,140.919998,141.669998,138.229996,138.619995,135.031662,1730100,0.0,0.0
2021-06-24,138.559998,139.5,137.600006,138.649994,135.060898,1642900,0.0,0.0
2021-06-25,139.190002,139.720001,138.050003,138.589996,135.002411,2266800,0.0,0.0
2021-06-28,139.690002,144.470001,139.490005,142.979996,139.278793,2626800,0.0,0.0
2021-06-29,143.179993,144.529999,142.229996,144.100006,140.369827,1575400,0.0,0.0
2021-06-30,144.320007,144.639999,143.149994,143.830002,140.106796,1799900,0.0,0.0
2021-07-01,143.460007,143.820007,141.429993,142.139999,138.460556,2621600,0.0,0.0
2021-07-02,143.289993,143.910004,142.130005,143.410004,139.697647,1224500,0.0,0.0
2021-07-06,143.539993,143.789993,141.960007,143.0,139.298294,1884300,0.0,0.0
2021-07-07,144.089996,144.25,142.539993,142.949997,139.249542,1956900,0.0,0.0
2021-07-08,141.320007,142.380005,140.039993,140.449997,136.814301,1863700,0.0,0.0
2021-07-09,139.550003,141.479996,139.490005,140.990005,137.340302,1738700,0.0,0.0
2021-07-12,142.550003,142.550003,140.559998,141.389999,137.72998,1946400,0.0,0.0
2021-07-13,143.440002,145.919998,142.460007,143.25,139.541779,2695800,0.0,0.0
2021-07-14,143.309998,145.0,142.529999,143.119995,139.415176,1933100,0.0,0.0
2021-07-15,143.350006,144.5,141.570007,142.660004,138.967072,2423200,0.0,0.0
2021-07-16,142.630005,144.009995,141.229996,143.100006,139.395721,3419700,0.0,0.0
2021-07-19,143.050003,145.169998,140.360001,141.240005,137.583832,2199100,0.0,0.0
2021-07-20,141.350006,141.990005,139.880005,141.070007,137.418259,1870000,0.0,0.0
2021-07-21,143.889999,143.889999,140.199997,140.720001,137.077286,2071100,0.0,0.0
2021-07-22,140.070007,142.460007,140.070007,142.289993,138.606644,1913200,0.0,0.0
2021-07-23,142.649994,145.360001,141.770004,144.990005,141.236771,2269500,0.0,0.0
2021-07-26,145.119995,146.009995,143.800003,145.25,141.490021,1307000,0.0,0.0
2021-07-27,145.059998,145.220001,140.320007,141.929993,138.255951,2126600,0.0,0.0
2021-07-28,142.350006,145.169998,142.240005,143.559998,139.843781,1353700,0.0,0.0
2021-07-29,143.949997,144.630005,142.880005,143.380005,139.668442,1643100,0.0,0.0
2021-07-30,142.839996,145.399994,142.449997,143.960007,140.233459,2825200,0.0,0.0
2021-08-02,145.0,145.639999,143.809998,144.110001,140.379547,2054200,0.0,0.0
2021-08-03,142.639999,143.320007,137.169998,139.800003,136.181091,4492500,0.0,0.0
2021-08-04,139.520004,141.339996,138.360001,139.910004,136.288269,2897400,0.0,0.0
2021-08-05,144.830002,146.5,134.839996,136.869995,133.326965,5516100,0.0,0.0
2021-08-06,136.470001,137.330002,135.410004,136.339996,132.810684,2401300,0.0,0.0
2021-08-09,136.710007,137.839996,135.429993,136.160004,132.635315,1722800,0.0,0.0
2021-08-10,136.110001,137.089996,135.160004,137.029999,133.482803,2210400,0.0,0.0
2021-08-11,137.919998,138.449997,137.059998,138.300003,134.719955,1841300,0.0,0.0
2021-08-12,138.110001,139.020004,136.929993,138.990005,135.392105,1871500,0.0,0.0
2021-08-13,138.940002,139.399994,138.190002,138.679993,135.090118,1572600,0.0,0.0
2021-08-16,137.960007,140.020004,137.399994,140.0,136.375916,1789100,0.0,0.0
2021-08-17,139.169998,142.160004,138.639999,141.039993,137.389023,2340800,0.0,0.0
2021-08-18,140.940002,141.899994,139.820007,139.990005,136.366196,2091100,0.0,0.0
2021-08-19,139.380005,141.410004,139.080002,140.600006,136.960403,1888400,0.0,0.0
2021-08-20,140.919998,141.779999,139.630005,140.169998,136.541519,2329900,0.0,0.0
2021-08-23,140.149994,143.5,139.320007,142.820007,139.122955,1895900,0.0,0.0
2021-08-24,143.160004,144.350006,142.160004,142.570007,138.87941,1501900,0.0,0.0
2021-08-25,142.770004,142.770004,140.009995,141.860001,138.18782,1638200,0.0,0.0
2021-08-26,141.979996,142.889999,141.179993,141.470001,137.807877,1016300,0.0,0.0
2021-08-27,141.520004,143.320007,141.210007,142.940002,139.239822,1144000,0.0,0.0
2021-08-30,142.199997,144.330002,141.009995,143.289993,139.58075,2011300,0.0,0.0
2021-08-31,143.660004,147.130005,142.600006,145.210007,141.61908,3467600,0.17,0.0
2021-09-01,145.339996,147.0,144.949997,146.429993,142.808914,1570100,0.0,0.0
2021-09-02,146.869995,147.759995,144.990005,145.399994,141.804398,2240600,0.0,0.0
2021-09-03,144.960007,146.949997,144.960007,146.600006,142.974701,1192700,0.0,0.0
2021-09-07,147.089996,147.089996,145.119995,145.220001,141.62883,1495700,0.0,0.0
2021-09-08,145.759995,147.539993,143.899994,144.100006,140.53656,2200400,0.0,0.0
2021-09-09,143.270004,144.240005,140.809998,142.309998,138.790833,2624700,0.0,0.0
2021-09-10,142.020004,146.929993,141.470001,145.130005,141.541092,3664200,0.0,0.0
2021-09-13,145.410004,146.910004,143.910004,144.679993,141.102203,2131400,0.0,0.0
2021-09-14,145.220001,145.940002,144.309998,145.369995,141.775162,1318400,0.0,0.0
2021-09-15,142.149994,142.240005,135.839996,137.039993,133.651077,6359000,0.0,0.0
2021-09-16,137.910004,139.699997,135.529999,135.960007,132.597839,4637600,0.0,0.0
2021-09-17,135.169998,135.559998,133.199997,133.880005,130.569244,4178700,0.0,0.0
2021-09-20,131.979996,132.529999,128.759995,130.089996,126.873016,3533200,0.0,0.0
2021-09-21,130.009995,130.5,126.559998,126.760002,123.625359,3689800,0.0,0.0
2021-09-22,126.190002,127.620003,124.879997,126.400002,123.274231,4214400,0.0,0.0
2021-09-23,126.989998,129.119995,126.120003,127.889999,124.727425,2571600,0.0,0.0
2021-09-24,127.040001,130.020004,126.860001,129.899994,126.687714,2327300,0.0,0.0
2021-09-27,129.270004,132.559998,128.940002,131.979996,128.716248,3326800,0.0,0.0
2021-09-28,131.860001,135.0,131.520004,133.770004,130.46199,4349800,0.0,0.0
2021-09-29,133.850006,139.589996,133.809998,137.940002,134.528885,5656600,0.0,0.0
2021-09-30,139.309998,144.130005,138.850006,142.25,138.7323,5017700,0.0,0.0
2021-10-01,141.899994,144.110001,139.539993,143.589996,140.039154,3196200,0.0,0.0
2021-10-04,143.360001,145.460007,140.020004,143.160004,139.619797,3215700,0.0,0.0
2021-10-05,143.130005,144.729996,142.600006,144.089996,140.526794,2682100,0.0,0.0
2021-10-06,143.580002,143.580002,132.860001,134.070007,130.754608,8344300,0.0,0.0
2021-10-07,134.759995,138.119995,134.399994,137.589996,134.187515,3627300,0.0,0.0
2021-10-08,137.479996,140.559998,137.410004,139.990005,136.528168,2163000,0.0,0.0
2021-10-11,139.919998,140.610001,137.509995,139.470001,136.021042,1908200,0.0,0.0
2021-10-12,139.529999,139.830002,136.0,136.669998,133.290283,3091900,0.0,0.0
2021-10-13,136.960007,137.759995,132.949997,136.440002,133.065979,3097400,0.0,0.0
2021-10-14,136.720001,137.660004,134.619995,135.710007,132.35405,2434400,0.0,0.0
2021-10-15,135.850006,136.690002,133.270004,134.75,131.417755,3298800,0.0,0.0
2021-10-18,134.649994,135.729996,134.199997,134.710007,131.378784,1755900,0.0,0.0
2021-10-19,135.479996,136.770004,134.5,136.75,133.368286,1614400,0.0,0.0
2021-10-20,137.460007,139.320007,137.210007,139.199997,135.757706,1763200,0.0,0.0
2021-10-21,139.210007,140.839996,138.270004,140.630005,137.152359,1853600,0.0,0.0
2021-10-22,141.0,144.160004,140.600006,141.070007,137.581482,2495300,0.0,0.0
2021-10-25,141.110001,143.789993,140.5,142.190002,138.673782,2155600,0.0,0.0
2021-10-26,142.919998,144.110001,141.720001,142.399994,138.878555,1543000,0.0,0.0
2021-10-27,142.679993,142.759995,140.309998,140.369995,136.898788,1697000,0.0,0.0
2021-10-28,140.25,141.190002,139.100006,140.229996,136.762238,1372600,0.0,0.0
2021-10-29,140.419998,140.839996,138.910004,140.25,136.781769,1990500,0.0,0.0
2021-11-01,140.910004,143.410004,140.020004,141.770004,138.26416,2068300,0.0,0.0
2021-11-02,141.559998,141.75,138.740005,140.169998,136.703705,2514400,0.0,0.0
2021-11-03,137.699997,140.720001,136.419998,139.5,136.050262,3562300,0.0,0.0
2021-11-04,143.380005,146.720001,142.0,142.479996,138.956589,3496100,0.0,0.0
2021-11-05,144.190002,144.699997,138.610001,139.570007,136.118607,2757800,0.0,0.0
2021-11-08,139.990005,140.320007,137.639999,138.160004,134.743439,2538200,0.0,0.0
2021-11-09,139.350006,141.0,138.669998,139.789993,136.333084,1796000,0.0,0.0
2021-11-10,139.669998,141.960007,138.5,139.279999,135.835739,2058800,0.0,0.0
2021-11-11,140.149994,145.809998,139.75,144.449997,140.877869,3109500,0.0,0.0
2021-11-12,143.860001,146.589996,143.539993,145.440002,141.843414,1613600,0.0,0.0
2021-11-15,143.610001,144.389999,137.639999,141.279999,137.786301,3850900,0.0,0.0
2021-11-16,141.169998,143.360001,138.570007,139.559998,136.10881,2977500,0.0,0.0
2021-11-17,138.619995,140.699997,137.600006,138.139999,134.723923,2245900,0.0,0.0
2021-11-18,137.279999,137.820007,135.110001,137.330002,133.93399,4120500,0.0,0.0
2021-11-19,137.259995,137.419998,132.190002,132.389999,129.116135,3972400,0.0,0.0
2021-11-22,131.699997,131.830002,125.309998,126.279999,123.157211,5198500,0.0,0.0
2021-11-23,125.75,129.210007,125.589996,128.410004,125.234535,3765400,0.0,0.0
2021-11-24,128.25,128.570007,124.809998,126.650002,123.518059,2851100,0.0,0.0
2021-11-26,130.800003,130.889999,125.470001,125.970001,122.854881,2264100,0.0,0.0
2021-11-29,125.900002,126.110001,123.07,124.879997,121.791855,2279200,0.0,0.0
2021-11-30,125.879997,128.589996,123.279999,124.220001,121.148155,5192800,0.0,0.0
2021-12-01,125.099998,125.959999,120.080002,120.230003,117.256828,3654100,0.0,0.0
2021-12-02,120.650002,123.760002,120.650002,122.589996,119.558449,3107200,0.0,0.0
2021-12-03,123.639999,125.599998,123.089996,125.269997,122.172173,3371300,0.0,0.0
2021-12-06,127.440002,127.809998,124.879997,126.309998,123.186478,2863800,0.0,0.0
2021-12-07,127.25,128.0,125.93,126.150002,123.196251,2650200,0.17,0.0
2021-12-08,126.379997,127.330002,125.129997,126.370003,123.411087,2553700,0.0,0.0
2021-12-09,126.489998,126.879997,124.690002,125.0,122.073151,2485300,0.0,0.0
2021-12-10,126.150002,127.370003,124.660004,125.639999,122.698174,2186600,0.0,0.0
2021-12-13,125.639999,128.300003,125.639999,126.769997,123.80172,2292900,0.0,0.0
2021-12-14,125.980003,128.339996,125.980003,126.849998,123.879837,2107800,0.0,0.0
2021-12-15,127.699997,129.240005,125.82,128.899994,125.881859,2471000,0.0,0.0
2021-12-16,128.610001,129.779999,128.020004,129.389999,126.360367,1694800,0.0,0.0
2021-12-17,129.339996,130.800003,127.279999,127.519997,124.534157,3502800,0.0,0.0
2021-12-20,126.459999,130.130005,126.459999,129.919998,126.877991,2592100,0.0,0.0
2021-12-21,130.970001,132.320007,129.190002,132.169998,129.075241,2251400,0.0,0.0
2021-12-22,132.080002,133.25,130.550003,131.470001,128.391693,2153700,0.0,0.0
2021-12-23,131.279999,133.009995,130.860001,132.539993,129.436584,1594000,0.0,0.0
2021-12-27,133.270004,133.75,132.300003,133.039993,129.924896,1377300,0.0,0.0
2021-12-28,133.240005,134.970001,133.039993,133.470001,130.344788,1230700,0.0,0.0
2021-12-29,133.899994,134.169998,131.889999,133.139999,130.022537,912300,0.0,0.0
2021-12-30,133.699997,135.600006,133.699997,134.460007,131.311661,1177000,0.0,0.0
2021-12-31,134.460007,134.990005,131.649994,131.899994,128.81163,1610900,0.0,0.0
2022-01-03,131.929993,135.979996,131.75,134.949997,131.790176,2033900,0.0,0.0
2022-01-04,134.320007,136.300003,133.779999,135.759995,132.581192,2110800,0.0,0.0
2022-01-05,136.300003,137.479996,133.630005,133.800003,130.667068,2531600,0.0,0.0
2022-01-06,133.279999,133.970001,129.419998,129.690002,126.65332,2270700,0.0,0.0
2022-01-07,129.089996,132.470001,127.279999,131.779999,128.694427,2436000,0.0,0.0
2022-01-10,131.410004,132.169998,128.149994,128.899994,125.881859,3053200,0.0,0.0
2022-01-11,127.57,130.960007,127.550003,130.800003,127.737396,1797200,0.0,0.0
2022-01-12,131.240005,132.910004,129.970001,132.5,129.397537,1677700,0.0,0.0
2022-01-13,133.029999,133.029999,130.509995,130.839996,127.776405,1343500,0.0,0.0
2022-01-14,130.039993,130.75,128.720001,130.440002,127.385803,1633400,0.0,0.0
2022-01-18,138.440002,142.550003,133.449997,133.910004,130.774536,8758900,0.0,0.0
2022-01-19,135.520004,138.220001,134.699997,136.910004,133.7043,3820300,0.0,0.0
2022-01-20,137.850006,141.990005,137.850006,138.880005,135.628128,3116900,0.0,0.0
2022-01-21,138.279999,140.690002,138.089996,139.009995,135.755096,3120000,0.0,0.0
2022-01-24,137.089996,139.399994,131.899994,135.199997,132.034363,4262100,0.0,0.0
2022-01-25,133.570007,134.020004,129.539993,131.009995,127.942436,2386400,0.0,0.0
2022-01-26,131.070007,132.330002,128.830002,129.979996,126.936569,2333800,0.0,0.0
2022-01-27,130.770004,134.039993,130.649994,131.059998,127.991272,1781500,0.0,0.0
2022-01-28,131.160004,132.229996,129.580002,131.919998,128.831116,2155000,0.0,0.0
2022-01-31,131.149994,135.740005,129.240005,132.660004,129.553802,4471000,0.0,0.0
2022-02-01,133.080002,133.460007,129.070007,129.940002,126.897476,3828000,0.0,0.0
2022-02-02,125.720001,137.589996,125.610001,137.169998,133.958221,5723700,0.0,0.0
2022-02-03,135.279999,139.610001,134.289993,137.289993,134.075378,3409200,0.0,0.0
2022-02-04,135.350006,138.380005,134.690002,137.710007,134.485565,2397200,0.0,0.0
2022-02-07,138.0,138.080002,135.600006,136.399994,133.206207,1726100,0.0,0.0
2022-02-08,136.320007,137.25,134.25,134.369995,131.22374,2264900,0.0,0.0
2022-02-09,135.759995,136.0,132.580002,135.789993,132.610535,1955800,0.0,0.0
2022-02-10,133.190002,136.899994,133.190002,134.979996,131.819473,1718600,0.0,0.0
2022-02-11,134.979996,136.419998,133.800003,134.100006,130.960114,1647900,0.0,0.0
2022-02-14,133.880005,134.460007,132.440002,133.399994,130.276474,1680500,0.0,0.0
2022-02-15,134.399994,135.460007,133.360001,134.5,131.350739,1739100,0.0,0.0
2022-02-16,133.75,134.600006,131.460007,133.289993,130.169037,2369300,0.0,0.0
2022-02-17,133.070007,133.070007,129.929993,130.399994,127.346725,1735700,0.0,0.0
2022-02-18,130.009995,131.169998,128.919998,129.330002,126.301773,2002000,0.0,0.0
2022-02-22,128.050003,129.639999,126.599998,127.089996,124.11422,2182600,0.0,0.0
2022-02-23,127.879997,129.25,126.480003,126.720001,123.752892,1908600,0.0,0.0
2022-02-24,123.910004,127.669998,123.800003,127.5,124.514641,2083600,0.0,0.0
2022-02-25,128.339996,129.029999,126.860001,128.710007,125.696312,2058600,0.0,0.0
2022-02-28,127.760002,131.490005,127.760002,130.089996,127.043991,3489100,0.0,0.0
2022-03-01,130.550003,131.589996,127.529999,128.149994,125.149406,1420400,0.0,0.0
2022-03-02,128.240005,129.720001,127.620003,129.259995,126.233398,1641800,0.0,0.0
2022-03-03,130.190002,130.399994,127.43,127.839996,124.846657,1305700,0.0,0.0
2022-03-04,126.779999,127.690002,126.239998,126.489998,123.528275,1845600,0.0,0.0
2022-03-07,126.470001,128.550003,125.07,126.260002,123.303665,2060200,0.0,0.0
2022-03-08,125.480003,125.870003,122.199997,122.669998,119.959236,2211600,0.17,0.0
2022-03-09,124.040001,125.959999,123.290001,125.519997,122.746262,2139500,0.0,0.0
2022-03-10,124.629997,125.980003,122.660004,123.68,120.946922,1222000,0.0,0.0
2022-03-11,124.629997,125.459999,122.169998,122.330002,119.62674,1195200,0.0,0.0
2022-03-14,122.18,122.43,118.239998,119.129997,116.497437,1968000,0.0,0.0
2022-03-15,119.139999,121.110001,117.580002,120.800003,118.130554,1815900,0.0,0.0
2022-03-16,121.290001,123.889999,121.129997,123.800003,121.064255,1627800,0.0,0.0
2022-03-17,123.440002,125.239998,122.669998,125.18,122.413765,1297300,0.0,0.0
2022-03-18,124.269997,126.480003,123.389999,126.279999,123.489449,2653400,0.0,0.0
2022-03-21,125.089996,126.400002,124.639999,125.559998,122.785355,1222100,0.0,0.0
2022-03-22,125.949997,128.179993,124.75,127.93,125.103004,1710000,0.0,0.0
2022-03-23,127.379997,128.059998,124.059998,124.639999,121.885681,2158400,0.0,0.0
2022-03-24,125.059998,125.57,123.629997,125.57,122.795143,2273400,0.0,0.0
2022-03-25,126.029999,127.510002,125.300003,127.32,124.50647,1315600,0.0,0.0
2022-03-28,127.669998,128.119995,126.150002,128.039993,125.210548,1066000,0.0,0.0
2022-03-29,129.229996,129.720001,127.300003,128.830002,125.983101,1495300,0.0,0.0
2022-03-30,128.029999,128.869995,127.129997,127.68,124.858528,1097000,0.0,0.0
2022-03-31,128.179993,128.190002,125.849998,126.510002,123.714386,1751000,0.0,0.0
2022-04-01,126.849998,127.190002,123.339996,125.230003,122.462662,2194000,0.0,0.0
2022-04-04,125.809998,128.559998,125.449997,128.020004,125.191017,1522600,0.0,0.0
2022-04-05,127.150002,128.729996,125.5,125.860001,123.078743,1012400,0.0,0.0
2022-04-06,125.260002,126.989998,124.360001,124.849998,122.091049,1972000,0.0,0.0
2022-04-07,124.940002,125.339996,122.529999,123.400002,120.673103,1758000,0.0,0.0
2022-04-08,122.879997,124.57,122.230003,123.480003,120.75132,1282400,0.0,0.0
2022-04-11,123.220001,124.720001,122.330002,122.580002,119.871231,1793100,0.0,0.0
2022-04-12,123.370003,124.550003,122.949997,123.57,120.83934,2581800,0.0,0.0
2022-04-13,123.989998,124.150002,122.279999,123.620003,120.888252,1532600,0.0,0.0
2022-04-14,123.629997,123.959999,121.190002,122.599998,119.890778,2036400,0.0,0.0
2022-04-18,122.339996,123.449997,121.150002,122.160004,119.460518,1536600,0.0,0.0
2022-04-19,120.120003,124.309998,120.120003,124.040001,121.298965,1547300,0.0,0.0
2022-04-20,124.099998,124.849998,123.129997,123.309998,120.585083,1571600,0.0,0.0
2022-04-21,123.43,125.68,123.43,123.739998,121.005577,2442400,0.0,0.0
2022-04-22,124.830002,128.550003,123.629997,128.089996,125.259453,4237300,0.0,0.0
2022-04-25,127.730003,128.679993,125.169998,128.149994,125.31813,2718400,0.0,0.0
2022-04-26,127.769997,128.009995,124.339996,124.629997,121.8759,1911600,0.0,0.0
2022-04-27,124.470001,124.599998,121.010002,121.220001,118.541267,2553100,0.0,0.0
2022-04-28,122.82,124.300003,121.669998,123.410004,120.682899,1663000,0.0,0.0
2022-04-29,123.010002,124.019997,117.739998,118.050003,115.44133,3008100,0.0,0.0
2022-05-02,118.75,121.57,117.75,120.0,117.348236,2932200,0.0,0.0
2022-05-03,120.050003,122.690002,120.019997,122.510002,119.802765,2319200,0.0,0.0
2022-05-04,122.879997,123.849998,120.349998,123.720001,120.986038,1865200,0.0,0.0
2022-05-05,123.089996,123.589996,118.300003,119.610001,116.966866,2135300,0.0,0.0
2022-05-06,119.160004,119.5,114.389999,115.290001,112.742317,2122500,0.0,0.0
2022-05-09,114.290001,114.790001,111.699997,112.040001,109.56414,3465600,0.0,0.0
2022-05-10,113.059998,113.629997,109.239998,111.599998,109.13385,6505800,0.0,0.0
2022-05-11,114.599998,126.269997,114.110001,120.489998,117.8274,7986700,0.0,0.0
2022-05-12,118.32,122.160004,118.32,120.949997,118.277229,4545000,0.0,0.0
2022-05-13,121.620003,125.279999,121.139999,124.940002,122.17907,3682500,0.0,0.0
2022-05-16,125.0,128.899994,124.419998,127.389999,124.574936,2901900,0.0,0.0
2022-05-17,126.610001,132.580002,126.550003,128.470001,125.631065,3920200,0.0,0.0
2022-05-18,126.900002,130.110001,126.559998,128.970001,126.12001,4177100,0.0,0.0
2022-05-19,129.020004,133.139999,128.449997,130.020004,127.146805,3542800,0.0,0.0
2022-05-20,130.820007,132.580002,126.519997,130.759995,127.870491,4727700,0.0,0.0
2022-05-23,134.559998,137.729996,132.619995,133.770004,130.813934,4589800,0.0,0.0
2022-05-24,132.699997,137.789993,132.490005,136.679993,133.659653,4920100,0.0,0.0
2022-05-25,135.960007,137.660004,134.470001,137.350006,134.314835,2717200,0.0,0.0
2022-05-26,137.479996,139.25,137.330002,138.679993,135.615417,1685600,0.0,0.0
2022-05-27,139.0,140.160004,137.550003,138.529999,135.468735,2411900,0.0,0.0
2022-05-31,137.899994,139.259995,136.320007,138.649994,135.58609,2880300,0.0,0.0
2022-06-01,139.419998,140.100006,137.479996,139.529999,136.446625,2134500,0.0,0.0
2022-06-02,138.729996,141.740005,137.619995,141.5,138.373123,2868100,0.0,0.0
2022-06-03,140.690002,142.789993,140.160004,141.0,137.884155,2924200,0.0,0.0
2022-06-06,141.460007,142.229996,139.869995,140.350006,137.24855,1649200,0.0,0.0
2022-06-07,139.029999,141.020004,138.720001,140.970001,138.041718,1847200,0.19,0.0
2022-06-08,140.630005,141.470001,138.75,139.220001,136.328064,1702500,0.0,0.0
2022-06-09,138.330002,140.179993,135.779999,135.809998,132.988922,2239800,0.0,0.0
2022-06-10,133.529999,134.979996,132.75,133.440002,130.668106,2052800,0.0,0.0
2022-06-13,131.259995,131.910004,128.669998,128.759995,126.085335,2809700,0.0,0.0
2022-06-14,129.160004,129.770004,126.279999,127.370003,124.724213,2422100,0.0,0.0
2022-06-15,127.650002,130.600006,127.050003,129.259995,126.574928,2210100,0.0,0.0
2022-06-16,126.870003,128.729996,126.029999,127.980003,125.321556,2329600,0.0,0.0
2022-06-17,127.760002,129.539993,125.849998,128.539993,125.869904,3726000,0.0,0.0
2022-06-21,129.779999,130.940002,128.580002,130.389999,127.681473,2222900,0.0,0.0
2022-06-22,129.199997,130.729996,128.820007,129.029999,126.349731,2083500,0.0,0.0
2022-06-23,128.979996,130.0,127.709999,128.960007,126.281189,2048700,0.0,0.0
2022-06-24,130.199997,131.050003,128.539993,130.199997,127.495422,6940500,0.0,0.0
2022-06-27,129.119995,129.789993,123.239998,125.599998,122.990974,3597600,0.0,0.0
2022-06-28,125.910004,126.57,122.610001,122.879997,120.327477,3250600,0.0,0.0
2022-06-29,123.050003,124.019997,121.68,122.830002,120.278534,1973600,0.0,0.0
2022-06-30,122.43,123.349998,121.07,121.650002,119.123039,2319000,0.0,0.0
2022-07-01,120.900002,123.019997,120.709999,122.730003,120.180588,1185900,0.0,0.0
2022-07-05,121.519997,125.0,120.540001,124.75,122.158653,1773100,0.0,0.0
2022-07-06,124.889999,125.269997,123.5,124.349998,121.76693,1517600,0.0,0.0
2022-07-07,124.139999,126.349998,123.769997,125.599998,122.990974,1770100,0.0,0.0
2022-07-08,124.830002,126.449997,124.199997,125.629997,123.020363,1386000,0.0,0.0
2022-07-11,125.300003,125.610001,123.68,123.839996,121.26754,1291300,0.0,0.0
2022-07-12,123.730003,124.980003,121.730003,121.980003,119.44619,1250000,0.0,0.0
2022-07-13,120.25,122.389999,119.540001,121.68,119.152412,1726000,0.0,0.0
2022-07-14,121.050003,122.400002,120.190002,122.290001,119.749741,1315300,0.0,0.0
2022-07-15,122.75,124.120003,122.720001,123.160004,120.601685,1244600,0.0,0.0
2022-07-18,124.120003,125.220001,123.190002,123.620003,121.052132,1584500,0.0,0.0
2022-07-19,124.709999,126.879997,124.089996,126.75,124.117104,1854800,0.0,0.0
2022-07-20,126.790001,128.270004,126.220001,127.589996,124.939636,1365100,0.0,0.0
2022-07-21,128.110001,130.380005,127.220001,130.210007,127.505219,2306100,0.0,0.0
2022-07-22,130.009995,132.020004,129.770004,130.160004,127.456284,1486200,0.0,0.0
2022-07-25,130.0,130.850006,129.509995,129.919998,127.221237,1404600,0.0,0.0
2022-07-26,130.720001,133.460007,129.770004,130.75,128.034027,1571300,0.0,0.0
2022-07-27,130.460007,132.960007,129.809998,132.179993,129.43428,1697900,0.0,0.0
2022-07-28,132.490005,133.619995,131.399994,133.179993,130.413544,1441700,0.0,0.0
2022-07-29,132.169998,132.940002,130.070007,131.229996,128.503998,2530800,0.0,0.0
2022-08-01,130.589996,131.850006,129.789993,130.869995,128.151489,1652600,0.0,0.0
2022-08-02,129.75,130.600006,128.729996,128.889999,126.212639,2184900,0.0,0.0
2022-08-03,131.139999,134.919998,130.410004,133.279999,130.511414,2210800,0.0,0.0
2022-08-04,133.369995,133.800003,131.990005,133.240005,130.472275,1666300,0.0,0.0
2022-08-05,132.100006,132.679993,131.210007,132.559998,129.806427,1178600,0.0,0.0
2022-08-08,132.75,133.419998,130.589996,131.050003,128.327759,1585800,0.0,0.0
2022-08-09,130.050003,130.580002,128.059998,129.279999,126.594521,1977400,0.0,0.0
2022-08-10,130.839996,132.199997,130.100006,131.160004,128.435486,1640500,0.0,0.0
2022-08-11,131.990005,132.279999,129.589996,129.679993,126.986229,1435400,0.0,0.0
2022-08-12,130.149994,131.559998,129.789993,131.369995,128.641129,1000300,0.0,0.0
2022-08-15,130.949997,132.100006,129.850006,131.600006,128.866333,1133100,0.0,0.0
2022-08-16,131.259995,135.809998,130.539993,135.110001,132.303421,2037000,0.0,0.0
2022-08-17,134.679993,135.779999,133.0,133.169998,130.403717,1601200,0.0,0.0
2022-08-18,133.169998,133.619995,131.979996,132.470001,129.718292,1190500,0.0,0.0
2022-08-19,131.740005,131.880005,130.119995,130.479996,127.7696,1220800,0.0,0.0
2022-08-22,129.889999,130.240005,127.629997,128.119995,125.458633,1775000,0.0,0.0
2022-08-23,127.059998,127.440002,126.279999,126.730003,124.097511,1124700,0.0,0.0
2022-08-24,126.470001,127.019997,125.5,125.610001,123.000786,1426700,0.0,0.0
2022-08-25,126.260002,127.629997,125.370003,127.610001,124.959221,878500,0.0,0.0
2022-08-26,133.690002,135.850006,131.990005,132.169998,129.4245,9512600,0.0,0.0
2022-08-29,130.449997,131.380005,127.599998,129.600006,126.907867,2729300,0.0,0.0
2022-08-30,128.979996,129.050003,125.900002,126.470001,124.024742,1943200,0.19,0.0
2022-08-31,127.889999,128.809998,126.57,126.870003,124.417015,1860700,0.0,0.0
2022-09-01,125.879997,127.760002,125.879997,127.68,125.211349,1497700,0.0,0.0
2022-09-02,127.919998,128.449997,125.0,125.330002,122.906769,1346700,0.0,0.0
2022-09-06,124.419998,125.059998,122.540001,124.730003,122.318375,2205700,0.0,0.0
2022-09-07,123.699997,125.870003,123.449997,125.550003,123.122536,2355300,0.0,0.0
2022-09-08,125.360001,127.190002,124.440002,127.139999,124.681778,1719100,0.0,0.0
2022-09-09,127.800003,129.740005,127.650002,128.929993,126.437164,1651400,0.0,0.0
2022-09-12,129.759995,131.399994,129.259995,130.850006,128.320068,1707800,0.0,0.0
2022-09-13,128.149994,129.479996,126.739998,127.589996,125.12307,2829900,0.0,0.0
2022-09-14,127.389999,127.720001,125.669998,126.919998,124.466034,1750900,0.0,0.0
2022-09-15,125.199997,126.660004,123.75,124.410004,122.004578,2314700,0.0,0.0
2022-09-16,123.870003,123.970001,120.0,121.739998,119.386192,5240600,0.0,0.0
2022-09-19,121.190002,123.010002,120.160004,122.93,120.553177,1722300,0.0,0.0
2022-09-20,122.550003,122.629997,119.889999,120.540001,118.209404,1521700,0.0,0.0
2022-09-21,121.110001,121.18,117.489998,117.489998,115.218353,1426400,0.0,0.0
2022-09-22,116.650002,118.300003,116.480003,117.419998,115.149719,1385400,0.0,0.0
2022-09-23,116.739998,117.309998,114.07,115.639999,113.404129,1825900,0.0,0.0
2022-09-26,115.32,116.57,114.120003,114.82,112.599983,1726300,0.0,0.0
2022-09-27,115.529999,116.57,114.639999,115.139999,112.913795,1268300,0.0,0.0
2022-09-28,115.830002,118.940002,115.089996,118.349998,116.061722,2091900,0.0,0.0
2022-09-29,117.730003,118.25,116.099998,117.470001,115.198761,1644600,0.0,0.0
2022-09-30,117.699997,118.510002,115.550003,115.709999,113.472786,2189200,0.0,0.0
2022-10-03,116.230003,120.43,116.010002,119.860001,117.542549,2602000,0.0,0.0
2022-10-04,120.620003,123.339996,120.620003,123.199997,120.817963,2039000,0.0,0.0
2022-10-05,122.699997,123.739998,121.279999,122.669998,120.298218,1704900,0.0,0.0
2022-10-06,122.879997,124.790001,122.660004,123.660004,121.269073,1558300,0.0,0.0
2022-10-07,122.529999,123.339996,121.57,122.309998,119.945175,1999500,0.0,0.0
2022-10-10,122.400002,122.470001,119.900002,120.68,118.346687,1080100,0.0,0.0
2022-10-11,120.230003,121.269997,118.639999,119.25,116.944336,1578900,0.0,0.0
2022-10-12,119.339996,120.199997,118.790001,118.879997,116.581482,1140800,0.0,0.0
2022-10-13,116.339996,122.160004,116.220001,121.220001,118.876236,1624700,0.0,0.0
2022-10-14,122.080002,123.220001,119.559998,120.370003,118.042679,1972600,0.0,0.0
2022-10-17,123.199997,123.580002,120.830002,121.029999,118.689919,1700300,0.0,0.0
2022-10-18,122.589996,123.989998,122.050003,123.370003,120.98468,1513600,0.0,0.0
2022-10-19,122.379997,124.599998,121.93,123.839996,121.445587,1347700,0.0,0.0
2022-10-20,123.620003,125.699997,122.290001,123.550003,121.161186,1360900,0.0,0.0
2022-10-21,123.260002,125.309998,122.550003,124.989998,122.573357,1605700,0.0,0.0
2022-10-24,125.650002,126.379997,123.800003,125.669998,123.240219,1344500,0.0,0.0
2022-10-25,126.199997,127.809998,125.860001,127.739998,125.27018,1634500,0.0,0.0
2022-10-26,127.75,129.539993,126.980003,127.25,124.789665,1357500,0.0,0.0
2022-10-27,127.160004,129.610001,127.110001,127.699997,125.230949,2233800,0.0,0.0
2022-10-28,128.419998,130.449997,127.779999,128.240005,125.760521,2213800,0.0,0.0
2022-10-31,127.919998,128.679993,125.160004,125.959999,123.524582,2941200,0.0,0.0
2022-11-01,126.290001,127.699997,125.279999,126.269997,123.828598,2576700,0.0,0.0
2022-11-02,126.0,132.710007,123.720001,128.660004,126.172401,4902200,0.0,0.0
2022-11-03,127.510002,129.369995,126.580002,126.620003,124.171837,2340800,0.0,0.0
2022-11-04,126.870003,129.820007,126.620003,129.759995,127.251099,2231500,0.0,0.0
2022-11-07,130.179993,133.399994,129.960007,132.419998,129.85968,2714600,0.0,0.0
2022-11-08,130.190002,131.470001,127.830002,129.100006,126.603889,2554600,0.0,0.0
2022-11-09,129.0,129.139999,126.0,126.290001,123.848221,2413000,0.0,0.0
2022-11-10,129.619995,131.550003,128.380005,130.300003,127.780693,2564900,0.0,0.0
2022-11-11,130.610001,131.410004,128.410004,131.229996,128.692673,2057800,0.0,0.0
2022-11-14,131.190002,131.690002,129.470001,129.559998,127.054985,2412900,0.0,0.0
2022-11-15,130.929993,131.869995,127.099998,128.779999,126.290077,2266700,0.0,0.0
2022-11-16,129.210007,130.839996,128.360001,129.339996,126.839226,1464600,0.0,0.0
2022-11-17,127.279999,129.619995,126.18,128.649994,126.162567,1437900,0.0,0.0
2022-11-18,129.789993,130.279999,128.460007,130.080002,127.564903,1648500,0.0,0.0
2022-11-21,129.5,130.020004,126.400002,127.860001,125.387848,1846900,0.0,0.0
2022-11-22,128.160004,129.649994,127.019997,129.520004,127.015793,1509400,0.0,0.0
2022-11-23,130.0,131.619995,129.399994,130.960007,128.427933,1574800,0.0,0.0
2022-11-25,129.979996,130.270004,129.149994,129.5,126.996162,781300,0.0,0.0
2022-11-28,129.020004,130.139999,128.169998,128.350006,125.868401,1332000,0.0,0.0
2022-11-29,127.790001,128.720001,126.910004,127.589996,125.308571,1330200,0.19,0.0
2022-11-30,127.690002,131.25,126.739998,130.779999,128.441559,2809700,0.0,0.0
2022-12-01,131.830002,132.070007,130.130005,131.619995,129.266479,1806200,0.0,0.0
2022-12-02,130.580002,132.860001,130.360001,132.279999,129.914719,1233200,0.0,0.0
2022-12-05,132.169998,133.339996,130.009995,130.419998,128.088013,1745200,0.0,0.0
2022-12-06,130.160004,130.160004,126.760002,127.410004,125.13179,1943900,0.0,0.0
2022-12-07,127.769997,128.100006,125.32,126.010002,123.756836,1489700,0.0,0.0
2022-12-08,127.050003,127.480003,125.230003,126.110001,123.855042,2259600,0.0,0.0
2022-12-09,126.099998,126.099998,124.18,124.709999,122.480072,1985500,0.0,0.0
2022-12-12,125.75,126.120003,123.470001,125.599998,123.354156,1666800,0.0,0.0
2022-12-13,127.760002,128.910004,124.449997,125.68,123.432732,2416600,0.0,0.0
2022-12-14,125.849998,126.629997,123.769997,124.660004,122.430977,1477000,0.0,0.0
2022-12-15,123.629997,124.239998,121.330002,121.730003,119.553375,1686500,0.0,0.0
2022-12-16,120.769997,121.989998,119.900002,121.739998,119.563187,4312600,0.0,0.0
2022-12-19,121.559998,121.690002,120.360001,120.790001,118.630173,1606700,0.0,0.0
2022-12-20,120.540001,122.059998,120.339996,120.419998,118.266777,1181100,0.0,0.0
2022-12-21,121.160004,122.790001,120.169998,122.5,120.309593,1615100,0.0,0.0
2022-12-22,121.809998,122.199997,120.260002,121.419998,119.248901,1335300,0.0,0.0
2022-12-23,121.019997,121.93,120.580002,121.510002,119.337318,844700,0.0,0.0
2022-12-27,121.32,121.370003,120.339996,120.82,118.659645,823500,0.0,0.0
2022-12-28,120.900002,121.370003,119.470001,119.540001,117.402527,898300,0.0,0.0
2022-12-29,120.120003,122.900002,119.419998,122.190002,120.005142,1222800,0.0,0.0
2022-12-30,121.779999,122.330002,120.790001,122.18,119.995316,1164400,0.0,0.0
2023-01-03,123.589996,124.699997,122.32,122.800003,120.604225,1677800,0.0,0.0
2023-01-04,123.400002,126.199997,123.400002,125.010002,122.774712,1498100,0.0,0.0
2023-01-05,124.559998,125.330002,124.040001,124.68,122.450607,929600,0.0,0.0
2023-01-06,125.169998,125.849998,123.010002,123.889999,121.674728,2781900,0.0,0.0
2023-01-09,123.889999,126.019997,123.419998,124.169998,121.949738,1685700,0.0,0.0
2023-01-10,124.18,124.870003,122.300003,124.019997,121.802406,1819600,0.0,0.0
2023-01-11,124.93,127.379997,123.669998,126.110001,123.855042,2745400,0.0,0.0
2023-01-12,125.809998,126.5,123.620003,126.419998,124.1595,1999500,0.0,0.0
2023-01-13,126.230003,126.790001,124.849998,125.459999,123.21666,1469500,0.0,0.0
2023-01-17,124.650002,125.129997,123.32,123.699997,121.488129,1999300,0.0,0.0
2023-01-18,123.769997,124.650002,122.529999,123.709999,121.497948,1831000,0.0,0.0
2023-01-19,123.709999,124.139999,122.769997,123.720001,121.507782,1723200,0.0,0.0
2023-01-20,124.43,126.199997,123.769997,125.989998,123.737198,2729800,0.0,0.0
2023-01-23,125.790001,127.529999,125.32,127.410004,125.13179,2105600,0.0,0.0
2023-01-24,127.709999,128.070007,126.370003,127.489998,125.210365,1301800,0.0,0.0
2023-01-25,126.589996,127.650002,126.269997,127.559998,125.279114,1099800,0.0,0.0
2023-01-26,128.309998,129.449997,128.190002,129.139999,126.830879,1196100,0.0,0.0
2023-01-27,129.139999,130.570007,128.789993,128.869995,126.565697,1786200,0.0,0.0
2023-01-30,128.919998,129.470001,128.110001,128.990005,126.683571,2446900,0.0,0.0
2023-01-31,129.190002,129.990005,128.380005,128.679993,126.379082,3067700,0.0,0.0
2023-02-01,116.779999,117.220001,112.580002,116.760002,114.672226,14492300,0.0,0.0
2023-02-02,117.5,117.519997,114.099998,115.989998,113.916,6355600,0.0,0.0
2023-02-03,115.150002,115.540001,113.779999,113.919998,111.883011,4393500,0.0,0.0
2023-02-06,113.610001,113.610001,111.720001,112.190002,110.183952,4208700,0.0,0.0
2023-02-07,112.129997,114.360001,111.800003,114.18,112.138374,4637500,0.0,0.0
2023-02-08,113.230003,114.089996,112.279999,112.699997,110.68483,2159800,0.0,0.0
2023-02-09,113.459999,113.949997,111.389999,111.790001,109.791084,3079000,0.0,0.0
2023-02-10,111.860001,112.900002,111.410004,111.800003,109.800926,2904800,0.0,0.0
2023-02-13,111.470001,113.410004,111.470001,113.199997,111.17588,2552800,0.0,0.0
2023-02-14,112.809998,112.900002,111.57,112.25,110.242882,2662600,0.0,0.0
2023-02-15,111.279999,113.360001,111.279999,113.339996,111.313377,1602800,0.0,0.0
2023-02-16,111.900002,113.239998,111.620003,111.720001,109.722366,2742100,0.0,0.0
2023-02-17,111.150002,112.470001,110.730003,112.0,109.997337,3370500,0.0,0.0
2023-02-21,111.300003,112.239998,111.25,112.019997,110.016975,2656400,0.0,0.0
2023-02-22,112.339996,112.339996,111.370003,111.739998,109.741989,2270200,0.0,0.0
2023-02-23,112.0,112.099998,110.190002,110.720001,108.740234,2459500,0.0,0.0
2023-02-24,109.739998,110.269997,109.449997,109.769997,107.807228,1997000,0.0,0.0
2023-02-27,110.43,111.18,110.260002,111.089996,109.103622,2300100,0.0,0.0
2023-02-28,110.68,111.239998,110.470001,110.940002,109.142967,2900400,0.19,0.0
2023-03-01,110.980003,111.029999,109.730003,110.410004,108.621567,2012700,0.0,0.0
2023-03-02,110.410004,112.660004,110.400002,112.290001,110.471077,2349200,0.0,0.0
2023-03-03,112.769997,113.199997,112.050003,113.150002,111.317169,1600400,0.0,0.0
2023-03-06,112.989998,114.389999,112.660004,113.190002,111.356514,1860100,0.0,0.0
2023-03-07,113.190002,113.629997,111.599998,112.139999,110.32354,1871700,0.0,0.0
2023-03-08,112.260002,112.519997,111.790001,112.279999,110.461258,1205200,0.0,0.0
2023-03-09,112.169998,112.790001,110.309998,110.459999,108.670746,2344700,0.0,0.0
2023-03-10,110.599998,111.889999,108.919998,109.190002,107.421303,2898200,0.0,0.0
2023-03-13,109.529999,110.970001,108.529999,110.07,108.287041,2662500,0.0,0.0
2023-03-14,110.760002,112.059998,110.209999,111.480003,109.674225,2144400,0.0,0.0
2023-03-15,111.389999,112.029999,110.720001,111.379997,109.575844,2803200,0.0,0.0
2023-03-16,111.389999,113.790001,111.389999,113.529999,111.691017,2110500,0.0,0.0
2023-03-17,113.650002,114.010002,112.980003,113.349998,111.513916,3077500,0.0,0.0
2023-03-20,113.010002,114.279999,113.010002,113.519997,111.681168,1725700,0.0,0.0
2023-03-21,113.110001,115.150002,113.110001,114.940002,113.078171,2428900,0.0,0.0
2023-03-22,114.290001,115.099998,113.139999,113.160004,111.327003,2266900,0.0,0.0
2023-03-23,113.790001,116.599998,113.669998,116.040001,114.160355,2436200,0.0,0.0
2023-03-24,118.080002,119.209999,117.610001,119.029999,117.101921,2527300,0.0,0.0
2023-03-27,118.900002,119.400002,118.139999,118.639999,116.718239,2276500,0.0,0.0
2023-03-28,118.089996,118.440002,117.360001,118.019997,116.108284,1551100,0.0,0.0
2023-03-29,118.080002,119.330002,118.080002,119.190002,117.259346,1522800,0.0,0.0
2023-03-30,120.0,120.050003,118.839996,119.099998,117.170792,1979500,0.0,0.0
2023-03-31,119.379997,120.529999,118.970001,120.449997,118.498909,2347300,0.0,0.0
2023-04-03,120.139999,121.650002,119.599998,121.349998,119.384338,1946400,0.0,0.0
2023-04-04,121.43,125.470001,121.230003,125.239998,123.211334,3303700,0.0,0.0
2023-04-05,125.239998,126.269997,124.839996,126.150002,124.106583,2564700,0.0,0.0
2023-04-06,125.800003,126.050003,124.75,125.160004,123.132637,1991000,0.0,0.0
2023-04-10,124.790001,125.800003,123.739998,125.620003,123.585182,1421200,0.0,0.0
2023-04-11,125.129997,126.25,124.739998,125.68,123.644188,1596100,0.0,0.0
2023-04-12,126.279999,127.18,125.82,126.129997,124.086906,1377100,0.0,0.0
2023-04-13,126.580002,128.720001,126.580002,128.279999,126.20208,1637200,0.0,0.0
2023-04-14,127.980003,128.529999,127.440002,127.870003,125.798721,1377100,0.0,0.0
2023-04-17,127.370003,128.419998,127.120003,128.080002,126.005318,1534600,0.0,0.0
2023-04-18,128.809998,129.380005,127.82,129.039993,126.94976,1668700,0.0,0.0
2023-04-19,128.580002,128.899994,128.059998,128.179993,126.103691,1221400,0.0,0.0
2023-04-20,128.279999,129.580002,128.149994,128.800003,126.713661,1621100,0.0,0.0
2023-04-21,129.050003,130.119995,128.699997,129.110001,127.018639,1679700,0.0,0.0
2023-04-24,128.610001,129.610001,128.220001,129.479996,127.382668,1226700,0.0,0.0
2023-04-25,128.990005,129.869995,128.869995,129.5,127.402321,1424300,0.0,0.0
2023-04-26,126.209999,127.040001,124.089996,125.120003,123.093277,4249900,0.0,0.0
2023-04-27,124.050003,126.730003,124.050003,126.510002,124.46077,2465900,0.0,0.0
2023-04-28,126.440002,127.699997,126.279999,127.279999,125.218285,1828600,0.0,0.0
2023-05-01,127.139999,127.669998,126.339996,127.419998,125.356018,1438300,0.0,0.0
2023-05-02,126.889999,127.419998,124.739998,126.160004,124.11644,1862100,0.0,0.0
2023-05-03,126.309998,126.849998,124.82,125.07,123.044083,1769400,0.0,0.0
2023-05-04,125.93,125.980003,123.860001,124.010002,122.001259,2534400,0.0,0.0
2023-05-05,123.779999,125.660004,123.269997,125.419998,123.388412,2806500,0.0,0.0
2023-05-08,125.25,126.18,124.279999,125.760002,123.722908,1831400,0.0,0.0
2023-05-09,125.510002,126.550003,124.839996,125.410004,123.378578,2916900,0.0,0.0
2023-05-10,129.320007,129.5,122.93,124.739998,122.719429,4824200,0.0,0.0
2023-05-11,125.370003,126.739998,124.360001,125.32,123.290024,3183900,0.0,0.0
2023-05-12,125.879997,126.75,124.739998,125.470001,123.437592,2533200,0.0,0.0
2023-05-15,124.919998,125.510002,123.879997,124.839996,122.81781,1826400,0.0,0.0
2023-05-16,124.279999,125.540001,123.949997,125.120003,123.093277,2664300,0.0,0.0
2023-05-17,124.279999,125.68,123.540001,124.919998,122.896523,2899600,0.0,0.0
2023-05-18,125.400002,126.300003,124.43,126.209999,124.165611,2421300,0.0,0.0
2023-05-19,126.5,127.290001,125.110001,125.660004,123.624535,2241000,0.0,0.0
2023-05-22,126.309998,126.699997,124.720001,125.120003,123.093277,1445800,0.0,0.0
2023-05-23,124.5,125.599998,124.019997,125.290001,123.260513,1663500,0.0,0.0
2023-05-24,125.459999,126.120003,124.389999,125.400002,123.368736,1353500,0.0,0.0
2023-05-25,124.82,125.800003,123.949997,125.400002,123.368736,1782300,0.0,0.0
2023-05-26,125.150002,126.860001,124.480003,126.800003,124.746071,1884200,0.0,0.0
2023-05-30,127.029999,127.389999,126.099998,126.480003,124.617981,2247600,0.19,0.0
2023-05-31,126.480003,128.309998,126.220001,128.0,126.115593,2791000,0.0,0.0
2023-06-01,128.0,128.550003,127.309998,127.690002,125.810165,1534200,0.0,0.0
2023-06-02,127.830002,128.009995,126.459999,127.669998,125.790451,1727700,0.0,0.0
2023-06-05,126.699997,128.190002,126.699997,127.019997,125.150017,2075800,0.0,0.0
2023-06-06,127.32,128.160004,126.959999,127.139999,125.26825,1461000,0.0,0.0
2023-06-07,127.139999,128.669998,125.440002,126.239998,124.3815,2180300,0.0,0.0
2023-06-08,126.650002,128.589996,126.5,127.110001,125.238686,1882700,0.0,0.0
2023-06-09,126.970001,127.260002,125.82,125.940002,124.085907,1791700,0.0,0.0
2023-06-12,125.910004,126.160004,125.269997,125.760002,123.908562,2349500,0.0,0.0
2023-06-13,125.760002,127.610001,125.68,127.32,125.445595,1892300,0.0,0.0
2023-06-14,127.050003,128.5,126.610001,127.900002,126.017067,1536000,0.0,0.0
2023-06-15,128.580002,129.050003,127.690002,128.990005,127.091026,1723000,0.0,0.0
2023-06-16,129.979996,130.0,128.220001,128.660004,126.765884,3123400,0.0,0.0
2023-06-20,127.940002,128.419998,126.230003,126.410004,124.548996,2130500,0.0,0.0
2023-06-21,125.470001,126.470001,124.410004,124.57,122.736076,2657700,0.0,0.0
2023-06-22,124.199997,125.940002,124.080002,125.449997,123.603119,1445700,0.0,0.0
2023-06-23,124.910004,125.779999,124.580002,125.25,123.406097,2074400,0.0,0.0
2023-06-26,124.940002,127.339996,124.690002,126.669998,124.805168,1537000,0.0,0.0
2023-06-27,127.480003,131.570007,127.230003,131.380005,129.445816,2462000,0.0,0.0
2023-06-28,131.160004,132.869995,130.270004,130.660004,128.73645,2282000,0.0,0.0
2023-06-29,130.720001,130.970001,128.789993,130.449997,128.52951,1567400,0.0,0.0
2023-06-30,131.020004,131.539993,129.559998,129.699997,127.79055,1779100,0.0,0.0
2023-07-03,129.100006,131.009995,129.009995,130.869995,128.943314,896900,0.0,0.0
2023-07-05,130.179993,130.550003,129.130005,129.889999,127.977753,1756400,0.0,0.0
2023-07-06,128.800003,130.809998,128.669998,130.699997,128.775848,1682600,0.0,0.0
2023-07-07,130.490005,131.259995,128.539993,129.199997,127.297943,1793100,0.0,0.0
2023-07-10,129.720001,131.419998,129.720001,130.539993,128.61821,1900400,0.0,0.0
2023-07-11,130.539993,139.380005,130.5,137.330002,135.308258,5288400,0.0,0.0
2023-07-12,137.929993,138.149994,135.149994,135.470001,133.475601,2848300,0.0,0.0
2023-07-13,136.830002,137.5,136.490005,136.710007,134.697372,1700200,0.0,0.0
2023-07-14,136.779999,137.869995,136.050003,137.339996,135.318085,1369500,0.0,0.0
2023-07-17,138.289993,140.300003,137.669998,138.25,136.214722,2882700,0.0,0.0
2023-07-18,138.550003,138.949997,137.330002,138.869995,136.825577,1641900,0.0,0.0
2023-07-19,138.770004,139.610001,136.690002,136.839996,134.825439,2290300,0.0,0.0
2023-07-20,136.389999,138.240005,136.389999,137.130005,135.111191,1829300,0.0,0.0
2023-07-21,137.529999,138.240005,136.889999,137.059998,135.042206,4562700,0.0,0.0
2023-07-24,137.660004,137.940002,136.779999,137.759995,135.731918,1319800,0.0,0.0
2023-07-25,137.699997,139.779999,137.529999,139.570007,137.515274,1507900,0.0,0.0
2023-07-26,139.039993,139.259995,137.949997,138.830002,136.786179,1602400,0.0,0.0
2023-07-27,139.559998,140.179993,137.029999,137.509995,135.48558,2311500,0.0,0.0
2023-07-28,138.350006,138.589996,137.520004,137.850006,135.820587,1508700,0.0,0.0
2023-07-31,137.440002,138.050003,135.839996,136.350006,134.342651,2246800,0.0,0.0
2023-08-01,135.520004,137.350006,135.460007,136.119995,134.116013,2298800,0.0,0.0
2023-08-02,130.0,130.139999,125.470001,126.309998,124.450478,5112600,0.0,0.0
2023-08-03,125.580002,126.849998,123.720001,123.830002,122.006996,4083400,0.0,0.0
2023-08-04,124.040001,124.309998,122.470001,122.589996,120.785233,2798100,0.0,0.0
2023-08-07,123.209999,124.650002,122.68,124.050003,122.22374,2662000,0.0,0.0
2023-08-08,122.889999,123.559998,122.489998,122.610001,120.804947,2409800,0.0,0.0
2023-08-09,122.879997,123.330002,121.449997,121.919998,120.125092,2404200,0.0,0.0
2023-08-10,123.089996,123.669998,121.540001,122.269997,120.469948,1683300,0.0,0.0
2023-08-11,121.550003,122.379997,121.089996,122.199997,120.400978,1894200,0.0,0.0
2023-08-14,122.110001,123.559998,121.779999,122.769997,120.962585,1713200,0.0,0.0
2023-08-15,121.870003,122.480003,121.220001,121.419998,119.632462,1500000,0.0,0.0
2023-08-16,120.889999,121.620003,120.370003,120.68,118.903358,1554900,0.0,0.0
2023-08-17,120.330002,120.709999,118.690002,118.760002,117.011627,1790700,0.0,0.0
2023-08-18,117.870003,119.43,117.82,118.360001,116.617508,1518500,0.0,0.0
2023-08-21,118.43,119.129997,117.82,118.599998,116.853981,1412000,0.0,0.0
2023-08-22,119.019997,119.699997,118.760002,119.529999,117.770287,1839900,0.0,0.0
2023-08-23,120.150002,121.580002,119.730003,121.32,119.533943,1821200,0.0,0.0
2023-08-24,121.550003,122.419998,119.879997,119.910004,118.144691,1795100,0.0,0.0
2023-08-25,119.93,120.190002,118.989998,119.690002,117.927948,1308900,0.0,0.0
2023-08-28,120.0,120.599998,119.760002,120.519997,118.745705,1182800,0.0,0.0
2023-08-29,120.480003,121.360001,119.970001,120.959999,119.367409,1538600,0.19,0.0
2023-08-30,120.959999,121.639999,120.480003,120.550003,118.962822,1767600,0.0,0.0
2023-08-31,120.830002,121.089996,119.050003,119.980003,118.400322,4374900,0.0,0.0
2023-09-01,121.07,122.019997,119.489998,120.540001,118.95295,2333100,0.0,0.0
2023-09-05,120.540001,122.379997,120.190002,121.5,119.900299,1963800,0.0,0.0
2023-09-06,121.400002,121.470001,119.839996,120.900002,119.308212,2273400,0.0,0.0
2023-09-07,120.860001,121.68,120.410004,120.940002,119.347672,1724600,0.0,0.0
2023-09-08,121.400002,122.239998,120.529999,121.75,120.147003,1750100,0.0,0.0
2023-09-11,122.510002,123.470001,121.800003,122.529999,120.916748,3626400,0.0,0.0
2023-09-12,122.080002,123.25,121.190002,121.419998,119.82135,2379300,0.0,0.0
2023-09-13,121.419998,122.690002,121.190002,121.68,120.077934,4107100,0.0,0.0
2023-09-14,121.68,123.57,121.360001,123.040001,121.420044,3112500,0.0,0.0
2023-09-15,122.550003,122.760002,120.209999,120.459999,118.874008,5405600,0.0,0.0
2023-09-18,121.18,121.18,120.0,120.599998,119.012169,2449500,0.0,0.0
2023-09-19,120.18,121.489998,120.120003,121.0,119.406883,2403000,0.0,0.0
2023-09-20,121.480003,121.870003,120.419998,120.449997,118.86412,1317000,0.0,0.0
2023-09-21,120.099998,120.349998,118.760002,118.800003,117.235855,1813800,0.0,0.0
2023-09-22,118.889999,120.160004,118.639999,119.0,117.433228,1994300,0.0,0.0
2023-09-25,118.449997,119.730003,118.290001,119.709999,118.133881,1291200,0.0,0.0
2023-09-26,119.120003,119.389999,118.230003,118.360001,116.801643,1363400,0.0,0.0
2023-09-27,118.68,118.879997,117.470001,117.970001,116.416786,1245300,0.0,0.0
2023-09-28,118.129997,120.07,117.699997,119.18,117.610855,1738400,0.0,0.0
2023-09-29,119.949997,120.82,119.639999,120.400002,118.814796,1770600,0.0,0.0
2023-10-02,119.949997,120.779999,119.370003,120.150002,118.568085,1590700,0.0,0.0
2023-10-03,120.120003,120.400002,118.599998,119.550003,117.975983,1659500,0.0,0.0
2023-10-04,120.07,120.889999,118.709999,120.720001,119.130577,2011300,0.0,0.0
2023-10-05,121.019997,121.260002,119.620003,120.790001,119.199661,1320000,0.0,0.0
2023-10-06,120.550003,123.480003,120.449997,122.959999,121.341072,1667000,0.0,0.0
2023-10-09,122.589996,124.800003,122.199997,124.589996,122.949631,1404800,0.0,0.0
2023-10-10,126.480003,129.100006,126.0,128.080002,126.393661,3612900,0.0,0.0
2023-10-11,128.470001,130.039993,128.240005,129.690002,127.98246,2085000,0.0,0.0
2023-10-12,130.229996,132.899994,130.119995,131.570007,129.837753,2451900,0.0,0.0
2023-10-13,131.979996,132.5,130.350006,131.289993,129.561386,1547600,0.0,0.0
2023-10-16,132.350006,133.059998,131.089996,131.139999,129.413422,2271400,0.0,0.0
2023-10-17,130.699997,131.869995,130.339996,131.029999,129.304855,1866100,0.0,0.0
2023-10-18,130.899994,132.220001,130.119995,130.259995,128.544952,1479800,0.0,0.0
2023-10-19,130.309998,130.639999,127.93,128.229996,126.541695,1747800,0.0,0.0
2023-10-20,128.679993,129.190002,127.370003,127.440002,125.762108,1519200,0.0,0.0
2023-10-23,127.410004,127.889999,126.18,126.339996,124.676582,1363900,0.0,0.0
2023-10-24,126.540001,127.879997,126.480003,127.660004,125.979218,1148600,0.0,0.0
2023-10-25,127.279999,127.779999,125.440002,125.720001,124.064743,1141200,0.0,0.0
2023-10-26,125.720001,125.760002,123.449997,123.639999,122.012131,1715800,0.0,0.0
2023-10-27,123.620003,123.980003,122.379997,122.629997,121.015419,1494200,0.0,0.0
2023-10-30,123.419998,123.419998,119.919998,121.309998,119.712814,2408400,0.0,0.0
2023-10-31,121.919998,124.480003,121.629997,123.790001,122.160156,2300500,0.0,0.0
2023-11-01,123.830002,124.82,122.480003,123.779999,122.150291,2724800,0.0,0.0
2023-11-02,129.970001,130.880005,126.910004,128.279999,126.591034,3990400,0.0,0.0
2023-11-03,128.740005,129.759995,126.760002,129.589996,127.883789,2642200,0.0,0.0
2023-11-06,129.580002,129.990005,128.210007,129.270004,127.568001,1516500,0.0,0.0
2023-11-07,130.0,131.199997,129.570007,129.729996,128.021973,1865600,0.0,0.0
2023-11-08,130.470001,131.179993,129.970001,130.740005,129.018631,1963900,0.0,0.0
2023-11-09,131.5,132.410004,130.75,131.300003,129.571259,2172500,0.0,0.0
2023-11-10,132.130005,133.190002,131.360001,132.779999,131.031784,2492200,0.0,0.0
2023-11-13,131.850006,133.610001,131.850006,132.679993,130.933105,1333700,0.0,0.0
2023-11-14,133.929993,134.789993,133.539993,134.440002,132.669952,2326300,0.0,0.0
2023-11-15,134.449997,134.600006,133.360001,134.429993,132.660049,1750400,0.0,0.0
2023-11-16,134.309998,134.389999,132.710007,133.399994,131.6436,2054600,0.0,0.0
2023-11-17,133.169998,133.759995,132.399994,133.699997,131.939667,2717100,0.0,0.0
2023-11-20,133.880005,135.710007,133.619995,135.449997,133.666641,2312400,0.0,0.0
2023-11-21,135.690002,136.300003,135.139999,136.059998,134.2686,1391100,0.0,0.0
2023-11-22,136.779999,137.070007,136.070007,136.119995,134.327805,1153700,0.0,0.0
2023-11-24,136.320007,136.809998,135.759995,136.600006,134.801529,583900,0.0,0.0
2023-11-27,136.520004,137.550003,136.169998,137.119995,135.314651,1254200,0.0,0.0
2023-11-28,136.729996,137.289993,136.25,136.380005,134.771149,1404500,0.19,0.0
2023-11-29,136.880005,138.399994,136.639999,137.309998,135.690155,1304000,0.0,0.0
2023-11-30,137.520004,138.169998,136.960007,138.009995,136.381897,2402100,0.0,0.0
2023-12-01,138.009995,138.259995,137.440002,137.759995,136.134857,1931700,0.0,0.0
2023-12-04,136.630005,137.970001,136.460007,137.820007,136.194138,2226900,0.0,0.0
2023-12-05,136.850006,138.039993,136.830002,137.419998,135.798889,1809200,0.0,0.0
2023-12-06,137.679993,138.449997,136.110001,137.139999,135.522171,2132000,0.0,0.0
2023-12-07,137.520004,137.559998,135.429993,135.550003,133.950958,2056400,0.0,0.0
2023-12-08,135.0,137.380005,134.869995,137.139999,135.522171,1531400,0.0,0.0
2023-12-11,136.320007,139.339996,136.320007,138.559998,136.9254,1854800,0.0,0.0
2023-12-12,139.869995,140.380005,139.029999,140.330002,138.674561,1552000,0.0,0.0
2023-12-13,141.449997,142.770004,140.979996,142.350006,140.670715,2177600,0.0,0.0
2023-12-14,143.0,143.470001,140.240005,140.850006,139.1884,2287900,0.0,0.0
2023-12-15,140.880005,141.470001,138.509995,138.830002,137.19223,4548800,0.0,0.0
2023-12-18,139.600006,139.869995,137.979996,138.089996,136.460953,1892200,0.0,0.0
2023-12-19,138.070007,139.169998,137.809998,138.550003,136.915558,1930000,0.0,0.0
2023-12-20,137.669998,138.630005,136.139999,136.589996,134.978668,1751500,0.0,0.0
2023-12-21,137.169998,138.080002,136.809998,137.880005,136.253433,1604300,0.0,0.0
2023-12-22,137.729996,138.699997,137.270004,137.669998,136.045914,1192300,0.0,0.0
2023-12-26,137.789993,138.0,137.020004,137.289993,135.670425,1028000,0.0,0.0
2023-12-27,137.220001,137.589996,136.339996,136.710007,135.097244,1002200,0.0,0.0
2023-12-28,136.710007,137.309998,136.490005,136.759995,135.146667,720400,0.0,0.0
2023-12-29,136.809998,137.110001,136.320007,136.809998,135.196075,1087700,0.0,0.0
2024-01-02,135.5,136.399994,135.210007,135.779999,134.178207,1848300,0.0,0.0
2024-01-03,135.779999,136.169998,135.050003,135.710007,134.109055,1444000,0.0,0.0
2024-01-04,135.880005,136.589996,135.369995,135.970001,134.365967,1236200,0.0,0.0
2024-01-05,135.759995,136.880005,135.240005,135.610001,134.010239,1698400,0.0,0.0
2024-01-08,135.949997,136.729996,135.440002,136.460007,134.85022,1438700,0.0,0.0
2024-01-09,136.139999,138.470001,136.139999,137.720001,136.095337,1328500,0.0,0.0
2024-01-10,137.720001,138.330002,136.899994,137.630005,136.006393,1735300,0.0,0.0
2024-01-11,137.559998,138.100006,136.850006,137.740005,136.115097,1192600,0.0,0.0
2024-01-12,138.259995,138.779999,137.429993,137.919998,136.292969,1132700,0.0,0.0
2024-01-16,137.949997,138.160004,136.5,137.149994,135.532043,1166800,0.0,0.0
2024-01-17,137.0,137.080002,135.690002,136.619995,135.008286,1340000,0.0,0.0
2024-01-18,136.619995,138.160004,136.009995,138.029999,136.401672,1450000,0.0,0.0
2024-01-19,138.75,138.860001,137.399994,137.720001,136.095337,1294100,0.0,0.0
2024-01-22,137.639999,138.720001,137.539993,137.570007,135.947098,1515100,0.0,0.0
2024-01-23,138.220001,139.399994,137.940002,139.169998,137.528229,1241600,0.0,0.0
2024-01-24,139.850006,140.110001,137.729996,137.860001,136.233658,1418800,0.0,0.0
2024-01-25,138.759995,139.75,138.449997,138.940002,137.300949,1513700,0.0,0.0
2024-01-26,139.070007,139.820007,138.690002,139.419998,137.775269,1800400,0.0,0.0
2024-01-29,139.580002,140.0,138.25,138.580002,136.94519,1474600,0.0,0.0
2024-01-30,138.419998,138.759995,137.220001,137.550003,135.927353,2251400,0.0,0.0
2024-01-31,134.610001,139.779999,133.509995,137.580002,135.956985,4345500,0.0,0.0
2024-02-01,137.429993,137.960007,135.0,137.919998,136.292969,2717200,0.0,0.0
2024-02-02,137.820007,138.710007,135.240005,136.639999,135.028076,2547400,0.0,0.0
2024-02-05,136.0,136.259995,134.419998,134.940002,133.348145,2616700,0.0,0.0
2024-02-06,135.470001,135.839996,134.570007,135.259995,133.664337,1480600,0.0,0.0
2024-02-07,136.039993,137.479996,135.779999,136.75,135.136765,1517600,0.0,0.0
2024-02-08,137.0,139.0,136.679993,138.850006,137.212006,1770500,0.0,0.0
2024-02-09,138.600006,140.979996,137.0,140.610001,138.951248,2061500,0.0,0.0
2024-02-12,140.410004,140.410004,137.190002,137.550003,135.927353,2465800,0.0,0.0
2024-02-13,136.830002,139.679993,136.210007,139.0,137.360229,2250700,0.0,0.0
2024-02-14,139.789993,143.350006,139.429993,143.080002,141.392105,2499100,0.0,0.0
2024-02-15,143.240005,144.529999,142.889999,144.050003,142.350662,1849500,0.0,0.0
2024-02-16,144.119995,144.440002,142.149994,142.279999,140.601517,3311100,0.0,0.0
2024-02-20,141.770004,142.100006,139.850006,141.039993,139.376175,2128100,0.0,0.0
2024-02-21,140.660004,141.270004,139.979996,141.169998,139.504639,1539100,0.0,0.0
2024-02-22,142.380005,144.350006,141.539993,143.520004,141.826904,1673100,0.0,0.0
2024-02-23,143.5,144.199997,141.869995,142.589996,140.907883,1380000,0.0,0.0
2024-02-26,142.589996,143.210007,141.210007,142.580002,140.897995,1984800,0.0,0.0
2024-02-27,142.580002,142.580002,138.529999,139.5,138.038284,2319700,0.19,0.0
2024-02-28,138.820007,140.630005,138.300003,140.080002,138.612213,1584600,0.0,0.0
2024-02-29,140.580002,140.639999,137.960007,139.479996,138.018478,3482300,0.0,0.0
2024-03-01,139.080002,141.279999,138.520004,140.789993,139.314774,1782500,0.0,0.0
2024-03-04,140.449997,141.429993,138.720001,138.809998,137.355515,2705000,0.0,0.0
2024-03-05,137.660004,137.850006,135.009995,136.279999,134.852036,2750200,0.0,0.0
2024-03-06,137.139999,137.470001,134.570007,135.520004,134.099991,2232100,0.0,0.0
2024-03-07,135.940002,136.789993,134.309998,135.399994,133.981247,3342300,0.0,0.0
2024-03-08,135.630005,135.880005,134.369995,135.149994,133.733856,1645700,0.0,0.0
2024-03-11,134.940002,137.889999,134.729996,136.729996,135.297287,2547600,0.0,0.0
2024-03-12,136.440002,137.399994,135.600006,136.020004,134.594757,1633000,0.0,0.0
2024-03-13,135.970001,138.070007,135.970001,136.960007,135.524902,2809400,0.0,0.0
2024-03-14,136.960007,137.039993,134.179993,135.029999,133.615097,2353200,0.0,0.0
2024-03-15,134.449997,135.449997,133.679993,134.270004,132.863083,4225500,0.0,0.0
2024-03-18,134.149994,134.919998,132.240005,132.479996,131.091812,3603100,0.0,0.0
2024-03-19,131.669998,133.289993,131.0,132.960007,131.566818,2466600,0.0,0.0
2024-03-20,133.360001,133.880005,131.270004,132.320007,130.933533,2999000,0.0,0.0
2024-03-21,132.5,134.220001,131.830002,132.479996,131.091812,2075400,0.0,0.0
2024-03-22,132.899994,133.130005,131.619995,131.699997,130.319992,1770500,0.0,0.0
2024-03-25,131.630005,131.630005,129.380005,130.520004,129.152374,2539700,0.0,0.0
2024-03-26,130.389999,131.5,130.360001,130.899994,129.528397,2272300,0.0,0.0
2024-03-27,131.050003,132.270004,130.710007,131.869995,130.48822,1802600,0.0,0.0
2024-03-28,132.179993,133.199997,131.570007,132.669998,131.279831,2368800,0.0,0.0
2024-04-01,132.820007,133.360001,132.0,133.339996,131.942841,1392700,0.0,0.0
2024-04-02,132.990005,133.410004,131.660004,132.149994,130.765274,2032600,0.0,0.0
2024-04-03,132.179993,133.020004,131.300003,132.520004,131.131409,1851300,0.0,0.0
2024-04-04,133.199997,133.479996,129.039993,129.559998,128.202423,2289700,0.0,0.0
2024-04-05,129.220001,130.779999,128.910004,130.289993,128.924774,1640000,0.0,0.0
2024-04-08,130.289993,130.729996,129.429993,130.0,128.637848,2290900,0.0,0.0
2024-04-09,130.490005,131.639999,130.020004,130.690002,129.320602,1966800,0.0,0.0
2024-04-10,129.899994,130.320007,128.449997,129.300003,127.945168,2450900,0.0,0.0
2024-04-11,129.080002,130.259995,128.589996,129.179993,127.826416,2296900,0.0,0.0
2024-04-12,128.529999,128.929993,127.599998,127.889999,126.549934,1714900,0.0,0.0
2024-04-15,128.210007,128.399994,126.550003,127.050003,125.718735,1419700,0.0,0.0
2024-04-16,127.720001,128.770004,126.360001,126.550003,125.223976,1899900,0.0,0.0
2024-04-17,126.870003,127.529999,126.290001,126.309998,124.986481,1699200,0.0,0.0
2024-04-18,127.089996,127.389999,125.110001,125.629997,124.313622,1389500,0.0,0.0
2024-04-19,126.050003,127.459999,125.739998,127.269997,125.936432,1869200,0.0,0.0
2024-04-22,127.739998,128.0,126.830002,127.120003,125.788002,1275200,0.0,0.0
2024-04-23,127.300003,127.919998,126.75,127.139999,125.807785,1401800,0.0,0.0
2024-04-24,126.5,128.259995,126.360001,128.139999,126.797302,1483400,0.0,0.0
2024-04-25,128.490005,128.720001,126.209999,127.309998,125.976006,1221500,0.0,0.0
2024-04-26,126.720001,128.949997,126.720001,127.900002,126.559814,1220600,0.0,0.0
2024-04-29,127.650002,128.75,127.43,127.900002,126.559814,1302200,0.0,0.0
2024-04-30,127.389999,127.389999,126.550003,126.82,125.491142,1804900,0.0,0.0
2024-05-01,126.639999,129.619995,126.230003,128.179993,126.836884,1820300,0.0,0.0
2024-05-02,128.740005,129.100006,126.599998,128.5,127.153564,1544900,0.0,0.0
2024-05-03,129.119995,130.470001,129.009995,129.559998,128.202423,1650200,0.0,0.0
2024-05-06,129.990005,130.990005,129.559998,130.559998,129.191956,1708600,0.0,0.0
2024-05-07,130.470001,131.520004,130.070007,130.240005,128.875305,3382800,0.0,0.0
2024-05-08,127.089996,131.520004,125.07,125.239998,123.927696,4269900,0.0,0.0
2024-05-09,125.269997,127.699997,124.919998,127.120003,125.788002,3186300,0.0,0.0
2024-05-10,126.160004,127.32,125.120003,127.139999,125.807785,2023100,0.0,0.0
2024-05-13,127.43,128.130005,126.449997,126.580002,125.253662,2383000,0.0,0.0
2024-05-14,125.949997,126.900002,125.449997,126.589996,125.26355,2107200,0.0,0.0
2024-05-15,127.150002,128.580002,126.57,127.620003,126.282768,2222400,0.0,0.0
2024-05-16,128.080002,129.25,127.029999,129.160004,127.806625,2275200,0.0,0.0
2024-05-17,128.139999,128.899994,126.339996,127.75,126.4114,3206000,0.0,0.0
2024-05-20,127.540001,128.360001,126.800003,128.300003,126.955643,1753000,0.0,0.0
2024-05-21,127.650002,128.949997,127.650002,128.850006,127.499886,1693500,0.0,0.0
2024-05-22,129.199997,135.330002,129.190002,135.139999,133.723953,5366300,0.0,0.0
2024-05-23,135.470001,135.720001,133.720001,134.399994,132.991714,3881600,0.0,0.0
2024-05-24,134.270004,135.639999,133.820007,135.059998,133.644806,1648600,0.0,0.0
2024-05-28,133.199997,134.029999,130.589996,132.050003,130.666351,4167800,0.0,0.0
2024-05-29,131.279999,133.029999,130.929993,131.970001,130.775345,2427400,0.19,0.0
2024-05-30,131.610001,132.210007,130.429993,131.229996,130.042038,2692700,0.0,0.0
2024-05-31,131.210007,133.020004,129.080002,132.880005,131.677124,4525200,0.0,0.0
2024-06-03,132.880005,134.899994,132.610001,132.990005,131.786102,2254300,0.0,0.0
2024-06-04,132.479996,136.570007,132.080002,136.5,135.264343,2346700,0.0,0.0
2024-06-05,136.929993,138.399994,136.440002,137.960007,136.711121,2898200,0.0,0.0
2024-06-06,137.899994,138.820007,137.229996,137.399994,136.156189,2117900,0.0,0.0
2024-06-07,138.0,139.089996,136.699997,136.820007,135.581451,2513600,0.0,0.0
2024-06-10,136.169998,137.080002,135.25,136.210007,134.976974,2008000,0.0,0.0
2024-06-11,135.320007,137.559998,134.789993,136.690002,135.452606,2221300,0.0,0.0
2024-06-12,137.020004,137.830002,135.539993,135.630005,134.402206,2263400,0.0,0.0
2024-06-13,135.679993,138.070007,135.399994,135.869995,134.640045,1859500,0.0,0.0
2024-06-14,135.580002,136.25,135.089996,135.979996,134.749039,1591300,0.0,0.0
2024-06-17,135.630005,137.610001,135.009995,137.529999,136.285019,1754200,0.0,0.0
2024-06-18,137.729996,138.220001,136.759995,138.130005,136.879593,1786500,0.0,0.0
2024-06-20,137.770004,138.710007,137.039993,137.850006,136.602127,2107100,0.0,0.0
2024-06-21,138.399994,139.149994,137.240005,139.059998,137.801163,2978700,0.0,0.0
2024-06-24,139.5,141.820007,139.289993,141.229996,139.951523,2157300,0.0,0.0
2024-06-25,141.009995,141.25,139.479996,140.630005,139.356949,1654300,0.0,0.0
2024-06-26,140.220001,141.059998,139.880005,140.570007,139.297501,1518000,0.0,0.0
2024-06-27,141.210007,141.210007,139.300003,139.520004,138.257019,1388500,0.0,0.0
2024-06-28,139.910004,140.5,138.779999,139.330002,138.068741,2423500,0.0,0.0
2024-07-01,139.710007,139.710007,137.110001,137.320007,136.07695,1285000,0.0,0.0
2024-07-02,137.889999,138.940002,137.470001,138.880005,137.622787,1288400,0.0,0.0
2024-07-03,139.089996,139.419998,138.110001,138.669998,137.414688,799100,0.0,0.0
2024-07-05,138.029999,138.440002,137.279999,138.259995,137.008392,1195100,0.0,0.0
2024-07-08,138.210007,139.710007,137.190002,139.649994,138.385849,1568900,0.0,0.0
2024-07-09,139.809998,141.830002,138.820007,140.580002,139.307404,1917200,0.0,0.0
2024-07-10,141.009995,144.399994,140.380005,144.089996,142.785614,2753900,0.0,0.0
2024-07-11,144.169998,146.699997,143.740005,145.300003,143.98468,2383300,0.0,0.0
2024-07-12,145.899994,147.410004,144.820007,145.679993,144.361237,2120400,0.0,0.0
2024-07-15,145.0,146.679993,143.809998,145.0,143.687363,2116800,0.0,0.0
2024-07-16,146.020004,147.470001,145.580002,146.669998,145.34227,2024300,0.0,0.0
2024-07-17,146.669998,148.220001,146.240005,147.0,145.669296,2450300,0.0,0.0
2024-07-18,147.25,147.679993,145.399994,146.520004,145.193634,2415500,0.0,0.0
2024-07-19,145.970001,146.0,140.089996,140.199997,138.930847,4844700,0.0,0.0
2024-07-22,140.740005,144.199997,140.740005,143.25,141.953232,2890800,0.0,0.0
2024-07-23,142.020004,142.570007,140.660004,141.990005,140.704666,2695000,0.0,0.0
2024-07-24,142.119995,142.820007,140.949997,141.179993,139.901962,2313400,0.0,0.0
2024-07-25,142.389999,143.149994,141.449997,141.800003,140.516388,2537000,0.0,0.0
2024-07-26,141.619995,145.490005,141.619995,145.179993,143.865738,2341300,0.0,0.0
2024-07-29,145.0,147.979996,145.0,147.850006,146.511597,2880100,0.0,0.0
2024-07-30,148.210007,150.910004,147.830002,149.119995,147.770096,4096000,0.0,0.0
2024-07-31,151.0,153.509995,146.679993,150.940002,149.573624,4475100,0.0,0.0
2024-08-01,150.729996,150.949997,146.5,148.399994,147.05661,2753600,0.0,0.0
2024-08-02,148.110001,150.130005,146.679993,148.830002,147.482712,1823400,0.0,0.0
2024-08-05,146.690002,148.039993,144.149994,145.5,144.182861,2741300,0.0,0.0
2024-08-06,146.139999,148.279999,145.139999,145.729996,144.410767,1840600,0.0,0.0
2024-08-07,146.240005,147.630005,144.309998,144.410004,143.102737,1625000,0.0,0.0
2024-08-08,145.240005,147.160004,144.759995,147.020004,145.689102,1457400,0.0,0.0
2024-08-09,147.080002,147.229996,145.149994,146.600006,145.272919,2640900,0.0,0.0
2024-08-12,146.110001,148.199997,145.490005,145.910004,144.589142,1794400,0.0,0.0
2024-08-13,146.350006,147.449997,145.720001,146.899994,145.57019,1461700,0.0,0.0
2024-08-14,146.380005,146.949997,145.610001,146.460007,145.134201,839100,0.0,0.0
2024-08-15,147.860001,148.460007,146.449997,147.039993,145.708939,1373700,0.0,0.0
2024-08-16,146.350006,148.789993,145.740005,148.360001,147.016953,1821600,0.0,0.0
2024-08-19,147.910004,149.720001,147.619995,149.669998,148.315109,2258600,0.0,0.0
2024-08-20,149.649994,149.699997,148.300003,149.050003,147.700729,1137200,0.0,0.0
2024-08-21,149.100006,149.979996,148.869995,149.75,148.394394,1324000,0.0,0.0
2024-08-22,149.119995,150.059998,146.729996,147.130005,145.798096,1424900,0.0,0.0
2024-08-23,148.509995,148.509995,146.149994,147.619995,146.283661,1477500,0.0,0.0
2024-08-26,147.679993,149.479996,147.479996,148.559998,147.215164,1439900,0.0,0.0
2024-08-27,148.690002,149.699997,148.380005,149.210007,147.859299,1395800,0.0,0.0
2024-08-28,149.320007,150.169998,148.800003,149.320007,148.156982,1297500,0.19,0.0
2024-08-29,150.070007,151.399994,149.380005,150.25,149.079712,1601200,0.0,0.0
2024-08-30,150.25,152.070007,149.690002,151.820007,150.637482,2315600,0.0,0.0
2024-09-03,151.699997,151.699997,145.630005,146.229996,145.090988,1798700,0.0,0.0
2024-09-04,146.229996,148.100006,146.119995,147.080002,145.934433,1422400,0.0,0.0
2024-09-05,146.410004,146.770004,144.869995,145.910004,144.773514,1971700,0.0,0.0
2024-09-06,145.910004,147.350006,143.350006,144.009995,142.888306,1785500,0.0,0.0
2024-09-09,144.830002,145.339996,143.75,144.300003,143.176056,1623100,0.0,0.0
2024-09-10,144.440002,145.160004,143.110001,143.800003,142.679947,1205600,0.0,0.0
2024-09-11,144.039993,144.139999,140.820007,143.699997,142.580719,1803500,0.0,0.0
2024-09-12,144.25,145.130005,143.139999,144.75,143.622543,1206900,0.0,0.0
2024-09-13,145.220001,146.440002,144.520004,145.830002,144.694122,1449100,0.0,0.0
2024-09-16,146.830002,147.679993,144.949997,146.520004,145.378769,1916800,0.0,0.0
2024-09-17,147.0,147.720001,142.009995,142.589996,141.479355,3384400,0.0,0.0
2024-09-18,142.979996,143.309998,140.020004,140.449997,139.356018,3974400,0.0,0.0
2024-09-19,142.770004,143.389999,140.470001,140.740005,139.643784,1866800,0.0,0.0
2024-09-20,139.940002,140.440002,138.580002,139.550003,138.463043,4582200,0.0,0.0
2024-09-23,140.539993,141.389999,139.529999,141.070007,139.971222,2341600,0.0,0.0
2024-09-24,141.100006,142.210007,140.320007,141.639999,140.536774,2645000,0.0,0.0
2024-09-25,141.789993,142.210007,141.0,141.479996,140.377991,1512600,0.0,0.0
2024-09-26,142.539993,143.679993,142.360001,143.610001,142.491425,1547100,0.0,0.0
2024-09-27,143.809998,145.580002,143.809998,144.649994,143.523331,1603100,0.0,0.0
2024-09-30,144.820007,145.0,142.809998,143.440002,142.322739,1451200,0.0,0.0
2024-10-01,143.240005,143.619995,140.949997,142.25,141.142029,1503300,0.0,0.0
2024-10-02,141.940002,143.529999,141.820007,143.199997,142.08461,1277200,0.0,0.0
2024-10-03,142.160004,142.789993,140.410004,140.690002,139.594162,1547100,0.0,0.0
2024-10-04,141.570007,143.440002,140.550003,142.699997,141.588516,2132900,0.0,0.0
2024-10-07,142.440002,143.660004,141.559998,142.899994,141.786957,1472300,0.0,0.0
2024-10-08,143.460007,143.880005,142.389999,143.330002,142.213608,1076900,0.0,0.0
2024-10-09,143.75,144.850006,143.360001,143.740005,142.620407,1156600,0.0,0.0
2024-10-10,143.089996,143.529999,141.419998,141.970001,140.864212,1423600,0.0,0.0
2024-10-11,142.529999,143.949997,142.220001,143.240005,142.124313,1460600,0.0,0.0
2024-10-14,143.789993,144.460007,143.25,144.169998,143.047073,881300,0.0,0.0
2024-10-15,144.720001,147.360001,144.470001,146.419998,145.27951,1635000,0.0,0.0
2024-10-16,146.220001,146.600006,144.75,145.039993,143.910278,1283000,0.0,0.0
2024-10-17,145.320007,146.320007,143.779999,144.199997,143.076813,1095800,0.0,0.0
2024-10-18,143.860001,144.710007,143.210007,144.350006,143.225662,1557500,0.0,0.0
2024-10-21,144.169998,145.820007,142.630005,145.710007,144.575043,1288900,0.0,0.0
2024-10-22,145.149994,146.470001,144.559998,145.720001,144.584991,1461300,0.0,0.0
2024-10-23,145.740005,146.139999,143.990005,144.860001,143.731689,1652100,0.0,0.0
2024-10-24,145.899994,146.559998,144.789993,145.029999,143.900375,1492500,0.0,0.0
2024-10-25,145.820007,147.520004,145.080002,145.199997,144.069046,1225700,0.0,0.0
2024-10-28,146.089996,146.880005,143.179993,144.179993,143.056992,2059100,0.0,0.0
2024-10-29,144.139999,146.259995,144.100006,145.619995,144.485779,2703400,0.0,0.0
2024-10-30,147.479996,151.339996,144.679993,149.139999,147.978348,3600500,0.0,0.0
2024-10-31,148.309998,151.589996,147.589996,150.850006,149.675049,2645700,0.0,0.0
2024-11-01,150.830002,152.460007,149.139999,151.259995,150.081833,1954200,0.0,0.0
2024-11-04,152.160004,153.089996,150.399994,152.889999,151.699127,1975300,0.0,0.0
2024-11-05,152.729996,155.550003,151.839996,155.5,154.288803,2337600,0.0,0.0
2024-11-06,157.770004,159.339996,156.710007,157.960007,156.729675,2289500,0.0,0.0
2024-11-07,158.449997,160.309998,157.240005,160.0,158.753769,1705200,0.0,0.0
2024-11-08,160.0,160.0,157.380005,157.910004,156.680054,1392000,0.0,0.0
2024-11-11,157.830002,159.710007,157.539993,159.389999,158.148529,1239300,0.0,0.0
2024-11-12,159.389999,163.0,158.419998,162.869995,161.601395,2807500,0.0,0.0
2024-11-13,161.789993,162.880005,161.470001,162.720001,161.452576,2320200,0.0,0.0
2024-11-14,162.710007,164.419998,162.520004,164.119995,162.841675,1625400,0.0,0.0
2024-11-15,163.300003,163.690002,161.259995,161.360001,160.103165,2036600,0.0,0.0
2024-11-18,160.0,164.449997,159.380005,164.009995,162.732513,1925500,0.0,0.0
2024-11-19,162.369995,166.399994,162.059998,166.130005,164.836029,2170300,0.0,0.0
2024-11-20,166.169998,167.509995,165.190002,166.710007,165.411499,2056300,0.0,0.0
2024-11-21,167.240005,168.070007,165.5,167.970001,166.661682,1186000,0.0,0.0
2024-11-22,168.460007,168.5,164.470001,166.669998,165.371796,1638000,0.0,0.0
2024-11-25,167.080002,167.949997,163.550003,164.139999,162.861511,2813100,0.0,0.0
2024-11-26,164.809998,166.309998,163.720001,165.020004,163.73468,1859600,0.0,0.0
2024-11-27,163.919998,164.509995,162.820007,163.100006,162.016174,1260200,0.19,0.0
2024-11-29,162.800003,164.220001,162.369995,163.669998,162.582367,1624200,0.0,0.0
2024-12-02,164.449997,166.199997,163.389999,165.960007,164.857147,1833600,0.0,0.0
2024-12-03,165.259995,167.869995,164.880005,167.699997,166.585587,1821400,0.0,0.0
2024-12-04,168.089996,168.089996,166.929993,167.419998,166.307434,1581400,0.0,0.0
2024-12-05,165.190002,167.089996,165.0,165.619995,164.519409,1811000,0.0,0.0
2024-12-06,165.820007,167.350006,165.380005,167.009995,165.900162,1651800,0.0,0.0
2024-12-09,166.949997,167.710007,165.389999,165.610001,164.509491,1098800,0.0,0.0
2024-12-10,164.479996,166.729996,164.100006,165.300003,164.201553,1699300,0.0,0.0
2024-12-11,165.300003,166.160004,162.270004,163.919998,162.830719,2709700,0.0,0.0
2024-12-12,163.860001,164.610001,162.5,162.589996,161.509537,2600200,0.0,0.0
2024-12-13,161.720001,162.179993,156.679993,157.619995,156.572586,2820600,0.0,0.0
2024-12-16,158.020004,158.020004,155.149994,156.399994,155.360687,3812300,0.0,0.0
2024-12-17,155.779999,156.979996,154.470001,154.789993,153.761368,3093500,0.0,0.0
2024-12-18,153.009995,153.899994,149.380005,149.919998,148.923737,3617100,0.0,0.0
2024-12-19,150.119995,151.399994,147.800003,147.889999,146.907227,2461100,0.0,0.0
2024-12-20,147.080002,149.660004,146.699997,147.800003,146.817841,4055500,0.0,0.0
2024-12-23,147.619995,147.619995,146.5,147.300003,146.321152,1708600,0.0,0.0
2024-12-24,147.410004,149.649994,147.009995,149.179993,148.18866,778600,0.0,0.0
2024-12-26,148.339996,149.490005,147.949997,149.070007,148.079391,883400,0.0,0.0
2024-12-27,148.460007,148.850006,147.029999,148.119995,147.135712,1023500,0.0,0.0
2024-12-30,147.149994,147.490005,145.059998,146.539993,145.566193,1152600,0.0,0.0
2024-12-31,146.270004,147.100006,145.729996,146.300003,145.32782,918400,0.0,0.0
2025-01-02,147.570007,147.75,145.309998,145.899994,144.93045,1076000,0.0,0.0
2025-01-03,146.669998,147.759995,145.580002,146.289993,145.317841,1110800,0.0,0.0
2025-01-06,145.559998,146.25,144.600006,145.25,144.284775,1679300,0.0,0.0
2025-01-07,144.660004,147.300003,144.440002,144.669998,143.708633,1907100,0.0,0.0
2025-01-08,144.610001,144.869995,142.460007,144.199997,143.241745,2324000,0.0,0.0
2025-01-10,142.759995,142.820007,140.460007,140.850006,139.914001,2296000,0.0,0.0
2025-01-13,140.149994,142.570007,140.100006,141.960007,141.016663,2076600,0.0,0.0
2025-01-14,142.0,142.740005,140.619995,141.75,140.808029,2432200,0.0,0.0
2025-01-15,143.449997,143.949997,141.080002,142.130005,141.185516,2619600,0.0,0.0
2025-01-16,142.0,142.589996,140.5,141.399994,140.460342,2137200,0.0,0.0
2025-01-17,143.470001,143.729996,141.759995,142.0,141.056366,4006100,0.0,0.0
2025-01-21,142.380005,143.490005,141.029999,143.279999,142.327866,3160700,0.0,0.0
2025-01-22,143.169998,144.050003,142.210007,142.350006,141.404068,3108400,0.0,0.0
2025-01-23,117.5,122.800003,115.449997,118.580002,117.792,17146900,0.0,0.0
2025-01-24,118.580002,118.580002,115.209999,116.559998,115.785431,9249700,0.0,0.0
2025-01-27,115.599998,118.800003,115.43,117.910004,117.126465,5964900,0.0,0.0
2025-01-28,117.5,117.589996,115.360001,116.529999,115.755615,4100200,0.0,0.0
2025-01-29,115.980003,118.0,115.300003,117.099998,116.321838,4316900,0.0,0.0
2025-01-30,117.75,118.830002,116.290001,118.68,117.891342,4402700,0.0,0.0
2025-01-31,121.779999,124.760002,120.870003,122.910004,122.093239,6589200,0.0,0.0
2025-02-03,121.760002,123.480003,120.580002,122.910004,122.093239,4725400,0.0,0.0
2025-02-04,123.07,123.239998,120.220001,121.25,120.44426,7156600,0.0,0.0
2025-02-05,127.040001,130.639999,125.949997,130.470001,129.602997,8250400,0.0,0.0
2025-02-06,130.539993,132.270004,128.740005,132.0,131.122833,5504700,0.0,0.0
2025-02-07,131.740005,131.740005,127.239998,128.600006,127.745415,4906000,0.0,0.0
2025-02-10,129.740005,132.470001,129.639999,132.089996,131.212219,4013800,0.0,0.0
2025-02-11,130.770004,134.539993,130.770004,133.350006,132.463882,3200500,0.0,0.0
2025-02-12,131.809998,133.710007,130.899994,131.169998,130.29834,3070900,0.0,0.0
2025-02-13,130.440002,131.559998,128.429993,129.820007,128.957306,3087700,0.0,0.0
2025-02-14,129.740005,130.759995,129.039993,129.399994,128.540115,2319700,0.0,0.0
2025-02-18,128.779999,130.039993,128.080002,128.350006,127.497093,3763800,0.0,0.0
2025-02-19,129.070007,130.639999,128.410004,129.339996,128.480484,3559100,0.0,0.0
2025-02-20,129.580002,131.130005,129.289993,129.990005,129.12619,3815900,0.0,0.0
2025-02-21,130.110001,131.820007,129.789993,130.949997,130.079788,4866600,0.0,0.0
2025-02-24,131.130005,134.649994,130.770004,134.050003,133.159195,8240000,0.0,0.0
2025-02-25,133.419998,134.119995,131.350006,131.729996,130.854614,5261100,0.0,0.0
2025-02-26,131.449997,133.449997,131.080002,131.190002,130.506439,3116800,0.19,0.0
2025-02-27,130.889999,132.039993,130.080002,130.460007,129.780258,4844200,0.0,0.0
2025-02-28,131.690002,131.710007,128.020004,129.119995,128.44722,6204100,0.0,0.0
2025-03-03,130.380005,131.600006,128.869995,129.229996,128.556641,5209500,0.0,0.0
2025-03-04,129.520004,133.350006,129.240005,131.820007,131.133179,4291000,0.0,0.0
2025-03-05,131.600006,134.509995,131.309998,134.050003,133.351547,5218000,0.0,0.0
2025-03-06,133.649994,137.529999,133.369995,136.789993,136.077255,3676700,0.0,0.0
2025-03-07,136.190002,140.419998,136.0,140.039993,139.310333,3356800,0.0,0.0
2025-03-10,139.75,142.970001,139.220001,140.429993,139.698288,5440900,0.0,0.0
2025-03-11,140.899994,140.899994,136.899994,137.880005,137.161606,3837200,0.0,0.0
2025-03-12,137.0,138.149994,135.729996,136.119995,135.410751,3177500,0.0,0.0
2025-03-13,135.789993,138.259995,135.229996,137.720001,137.002411,3165100,0.0,0.0
2025-03-14,138.149994,139.229996,137.869995,138.710007,137.987274,3065500,0.0,0.0
2025-03-17,138.979996,143.369995,138.600006,142.899994,142.155426,4510500,0.0,0.0
2025-03-18,142.119995,143.429993,141.539993,141.869995,141.130783,2728400,0.0,0.0
2025-03-19,142.020004,142.729996,141.580002,141.970001,141.23027,2527700,0.0,0.0
2025-03-20,141.410004,143.699997,141.190002,143.25,142.503616,2883700,0.0,0.0
2025-03-21,142.270004,145.220001,142.0,144.300003,143.548126,9254800,0.0,0.0
2025-03-24,145.779999,145.869995,143.570007,144.550003,143.796829,2848100,0.0,0.0
2025-03-25,145.279999,146.449997,143.770004,144.5,143.747086,2382000,0.0,0.0
2025-03-26,144.880005,146.360001,144.570007,145.190002,144.433502,2218900,0.0,0.0
2025-03-27,145.0,146.410004,144.399994,145.300003,144.542923,2333000,0.0,0.0
2025-03-28,145.110001,145.740005,144.100006,144.25,143.498398,2423600,0.0,0.0
2025-03-31,144.119995,144.679993,143.029999,144.520004,143.766998,4213500,0.0,0.0
2025-04-01,145.0,145.830002,144.259995,145.669998,144.911011,2278600,0.0,0.0
2025-04-02,145.0,145.600006,143.300003,144.869995,144.115158,2021900,0.0,0.0
2025-04-03,143.729996,147.100006,143.339996,144.850006,144.095276,4330500,0.0,0.0
2025-04-04,143.100006,144.690002,135.029999,135.339996,134.634842,4711800,0.0,0.0
2025-04-07,132.960007,136.75,131.149994,134.619995,133.918564,5825100,0.0,0.0
2025-04-08,135.259995,136.830002,131.160004,132.529999,131.839462,3425700,0.0,0.0
2025-04-09,131.839996,140.589996,131.809998,136.580002,135.868362,5410100,0.0,0.0
2025-04-10,136.169998,141.289993,135.429993,139.389999,138.663727,3840900,0.0,0.0
2025-04-11,139.389999,143.440002,137.940002,142.929993,142.185272,3116900,0.0,0.0
2025-04-14,143.160004,146.210007,142.509995,145.5,144.741867,2600400,0.0,0.0
2025-04-15,145.660004,146.289993,144.490005,145.610001,144.851303,2277500,0.0,0.0
2025-04-16,145.490005,145.779999,142.690002,142.970001,142.225082,2215800,0.0,0.0
2025-04-17,143.270004,146.089996,142.970001,145.610001,144.851303,1761900,0.0,0.0
2025-04-21,145.020004,145.020004,141.039993,141.929993,141.190491,2712300,0.0,0.0
2025-04-22,144.100006,146.759995,143.380005,145.869995,145.10994,2361100,0.0,0.0
2025-04-23,146.089996,146.470001,142.830002,143.729996,142.981094,2412000,0.0,0.0
2025-04-24,144.800003,146.619995,143.369995,146.190002,145.428299,2274700,0.0,0.0
2025-04-25,146.570007,147.25,145.419998,146.600006,145.836151,1836600,0.0,0.0
2025-04-28,146.669998,147.440002,145.490005,146.720001,145.955536,2761800,0.0,0.0
2025-04-29,146.119995,147.139999,145.619995,145.970001,145.209427,2233200,0.0,0.0
2025-04-30,145.490005,146.050003,143.449997,145.089996,144.33403,2802000,0.0,0.0
2025-05-01,145.179993,146.929993,143.979996,145.100006,144.343979,3328800,0.0,0.0
2025-05-02,149.0,154.919998,147.850006,151.100006,150.312698,5109200,0.0,0.0
2025-05-05,151.330002,155.339996,150.720001,154.740005,153.933746,4308800,0.0,0.0
2025-05-06,152.850006,155.770004,152.259995,154.539993,153.734772,3011800,0.0,0.0
2025-05-07,158.009995,160.699997,153.669998,155.5,154.689789,5444600,0.0,0.0
2025-05-08,155.869995,156.699997,153.199997,155.660004,154.848969,3982800,0.0,0.0
2025-05-09,155.669998,156.199997,153.070007,153.300003,152.501236,2921700,0.0,0.0
2025-05-12,153.339996,153.800003,148.389999,149.270004,148.492249,3736200,0.0,0.0
2025-05-13,148.229996,150.369995,148.229996,149.059998,148.28334,3582900,0.0,0.0
2025-05-14,148.070007,148.960007,146.529999,147.229996,146.46286,2759400,0.0,0.0
2025-05-15,147.740005,150.619995,147.630005,149.570007,148.790695,3711000,0.0,0.0
2025-05-16,149.789993,151.729996,149.199997,151.539993,150.750397,3934800,0.0,0.0
2025-05-19,149.699997,152.210007,149.039993,150.479996,149.695938,4010100,0.0,0.0
2025-05-20,150.619995,151.940002,149.970001,151.919998,151.128448,2171900,0.0,0.0
2025-05-21,150.720001,151.520004,150.309998,150.5,149.715836,2880400,0.0,0.0
2025-05-22,151.160004,151.410004,146.470001,146.630005,145.865997,4574500,0.0,0.0
2025-05-23,146.869995,147.929993,146.460007,146.889999,146.124634,2108700,0.0,0.0
2025-05-27,147.539993,147.940002,146.240005,146.910004,146.144547,4489500,0.0,0.0
2025-05-28,146.960007,147.850006,146.389999,146.880005,146.303909,2280600,0.19,0.0
2025-05-29,146.880005,147.100006,141.190002,142.839996,142.279739,3517100,0.0,0.0
2025-05-30,143.190002,144.070007,141.610001,143.779999,143.216064,5555200,0.0,0.0
2025-06-02,143.610001,146.199997,143.509995,145.880005,145.307831,3418100,0.0,0.0
2025-06-03,145.229996,146.270004,144.669998,146.240005,145.666428,2863800,0.0,0.0
2025-06-04,146.059998,148.949997,145.729996,148.460007,147.877731,2927900,0.0,0.0
2025-06-05,148.899994,148.970001,146.869995,147.880005,147.299988,2610200,0.0,0.0
2025-06-06,148.169998,150.919998,148.0,149.570007,148.983368,2783800,0.0,0.0
2025-06-09,149.009995,149.440002,146.029999,146.919998,146.34375,3042700,0.0,0.0
2025-06-10,147.050003,148.0,145.699997,147.160004,146.582825,4231100,0.0,0.0
2025-06-11,147.0,147.710007,145.539993,147.679993,147.100754,1749600,0.0,0.0
2025-06-12,147.630005,150.080002,147.330002,150.050003,149.461472,1926200,0.0,0.0
2025-06-13,149.050003,150.300003,148.289993,148.479996,147.897629,1703900,0.0,0.0
2025-06-16,148.690002,151.179993,147.789993,151.100006,150.507355,2621800,0.0,0.0
2025-06-17,151.039993,151.070007,149.520004,150.330002,149.740372,2251400,0.0,0.0
2025-06-18,150.800003,153.429993,150.360001,151.0,150.407745,3227000,0.0,0.0
2025-06-20,151.75,152.630005,149.910004,150.559998,149.969482,6574500,0.0,0.0
2025-06-23,150.940002,154.470001,150.130005,154.410004,153.804367,2752000,0.0,0.0
2025-06-24,156.630005,158.110001,155.330002,157.949997,157.33049,3883000,0.0,0.0
2025-06-25,158.229996,159.050003,157.399994,157.820007,157.201004,2239100,0.0,0.0
2025-06-26,157.740005,158.139999,156.940002,157.729996,157.111359,1455400,0.0,0.0
2025-06-27,157.690002,158.589996,157.020004,157.740005,157.121323,2316500,0.0,0.0
2025-06-30,157.740005,159.910004,156.860001,159.699997,159.073624,2698400,0.0,0.0
2025-07-01,159.529999,160.990005,158.559998,159.059998,158.436127,3285400,0.0,0.0
2025-07-02,158.410004,159.100006,156.759995,157.029999,156.414093,2901500,0.0,0.0
2025-07-03,157.360001,157.990005,153.630005,155.369995,154.760605,1321200,0.0,0.0
2025-07-07,155.720001,156.160004,153.330002,153.529999,152.927841,2502800,0.0,0.0
2025-07-08,153.380005,154.080002,152.350006,152.639999,152.041321,1710500,0.0,0.0
2025-07-09,153.110001,153.110001,151.309998,152.679993,152.081161,1845100,0.0,0.0
2025-07-10,151.880005,152.910004,150.919998,151.300003,150.706573,1613100,0.0,0.0
2025-07-11,151.139999,151.339996,148.369995,148.690002,148.106827,1840300,0.0,0.0
2025-07-14,149.100006,150.289993,148.009995,148.830002,148.246262,2857000,0.0,0.0
2025-07-15,148.600006,149.259995,146.970001,148.740005,148.156631,2075900,0.0,0.0
2025-07-16,147.830002,150.089996,147.830002,149.350006,148.764221,1889600,0.0,0.0
2025-07-17,149.0,150.339996,148.559998,149.830002,149.24234,1828400,0.0,0.0
2025-07-18,150.289993,151.919998,149.360001,150.110001,149.52124,3850800,0.0,0.0
2025-07-21,150.300003,153.589996,149.789993,153.389999,152.788391,2758400,0.0,0.0
2025-07-22,154.800003,158.649994,154.460007,157.020004,156.404144,3204500,0.0,0.0
2025-07-23,156.619995,156.899994,153.289993,153.729996,153.127045,2586300,0.0,0.0
2025-07-24,152.889999,153.970001,152.0,152.639999,152.041321,2482500,0.0,0.0
2025-07-25,152.960007,153.210007,151.479996,151.679993,151.085083,1450600,0.0,0.0
2025-07-28,151.0,152.880005,150.970001,151.990005,151.393875,2991300,0.0,0.0
2025-07-29,152.410004,153.289993,146.970001,147.789993,147.210342,3172200,0.0,0.0
2025-07-30,151.899994,159.369995,150.869995,156.259995,155.647125,6044500,0.0,0.0
2025-07-31,155.279999,156.190002,152.199997,152.490005,151.891907,3641000,0.0,0.0
2025-08-01,152.759995,157.75,151.5,157.080002,156.463913,4397000,0.0,0.0
2025-08-04,157.720001,160.320007,156.369995,159.770004,159.143356,2745300,0.0,0.0
2025-08-05,161.699997,161.889999,159.100006,160.990005,160.358582,2933200,0.0,0.0
2025-08-06,161.300003,163.070007,159.589996,163.0,162.360687,2597800,0.0,0.0
2025-08-07,164.25,164.350006,161.149994,162.75,162.111679,2856300,0.0,0.0
2025-08-08,163.490005,167.759995,163.25,167.639999,166.982483,4591300,0.0,0.0
2025-08-11,170.570007,176.619995,170.100006,176.110001,175.419266,6125200,0.0,0.0
2025-08-12,176.300003,178.800003,174.389999,177.910004,177.212219,3792700,0.0,0.0
2025-08-13,177.789993,179.839996,177.0,178.399994,177.700287,3571100,0.0,0.0
2025-08-14,177.809998,180.899994,177.380005,179.009995,178.307892,3751000,0.0,0.0
2025-08-15,179.119995,179.119995,172.940002,174.669998,173.984909,3428800,0.0,0.0
2025-08-18,172.330002,173.410004,168.080002,169.160004,168.496536,3600000,0.0,0.0
2025-08-19,168.660004,171.089996,167.449997,170.679993,170.010559,2413500,0.0,0.0
2025-08-20,170.690002,172.490005,170.0,171.330002,170.658005,2289700,0.0,0.0
2025-08-21,170.710007,171.75,170.020004,171.550003,170.877151,1655800,0.0,0.0
2025-08-22,172.429993,173.110001,170.190002,171.399994,170.727737,1707300,0.0,0.0
2025-08-25,171.610001,173.550003,170.990005,172.759995,172.082413,1928800,0.0,0.0
2025-08-26,172.029999,173.25,171.190002,172.229996,171.554459,2594400,0.0,0.0
2025-08-27,172.610001,173.710007,171.720001,172.600006,172.112915,2099800,0.19,0.0
2025-08-28,172.360001,173.75,169.009995,170.990005,170.507446,2628400,0.0,0.0
2025-08-29,171.229996,172.539993,170.669998,171.949997,171.464737,2090000,0.0,0.0
2025-09-02,170.0,173.259995,169.800003,171.449997,170.966156,2359200,0.0,0.0
2025-09-03,170.960007,171.960007,167.5,167.860001,167.386276,2753100,0.0,0.0
2025-09-04,168.169998,168.289993,165.529999,168.029999,167.555801,3410800,0.0,0.0
2025-09-05,168.839996,169.320007,166.779999,168.619995,168.144135,2205500,0.0,0.0
2025-09-08,169.440002,170.130005,167.179993,168.059998,167.585709,1691100,0.0,0.0
2025-09-09,168.320007,168.320007,165.960007,166.039993,165.571411,2058700,0.0,0.0
2025-09-10,165.809998,170.350006,164.5,170.270004,169.78949,2831900,0.0,0.0
2025-09-11,171.089996,171.270004,168.529999,169.889999,169.410538,2411000,0.0,0.0
2025-09-12,169.589996,173.139999,169.0,172.380005,171.893524,1996200,0.0,0.0
2025-09-15,171.520004,172.690002,170.729996,171.770004,171.285248,2042700,0.0,0.0
2025-09-16,171.929993,175.559998,171.009995,172.080002,171.594376,3189200,0.0,0.0
2025-09-17,172.220001,174.240005,170.509995,173.589996,173.100098,1883500,0.0,0.0
2025-09-18,172.929993,174.789993,171.880005,173.169998,172.68129,2354800,0.0,0.0
2025-09-19,172.850006,174.690002,171.190002,173.089996,172.601517,8449800,0.0,0.0
2025-09-22,173.690002,173.789993,171.720001,173.419998,172.930588,2842900,0.0,0.0
2025-09-23,173.610001,175.259995,173.220001,174.070007,173.578751,2158700,0.0,0.0
2025-09-24,174.119995,174.960007,166.100006,167.350006,166.877731,3099000,0.0,0.0
2025-09-25,168.119995,169.190002,167.789993,168.320007,167.844986,1944300,0.0,0.0
2025-09-26,173.0,197.330002,170.080002,193.350006,192.804352,14485700,0.0,0.0
2025-09-29,203.5,203.75,201.720001,202.050003,201.479797,22698500,0.0,0.0
2025-09-30,201.75,202.149994,201.300003,201.699997,201.130783,8930100,0.0,0.0
2025-10-01,201.520004,202.309998,201.399994,201.630005,201.060974,3764700,0.0,0.0
2025-10-02,201.520004,201.600006,200.800003,201.0,200.432755,5497400,0.0,0.0
2025-10-03,200.910004,201.25,200.550003,200.690002,200.123627,3671700,0.0,0.0
2025-10-06,200.669998,200.850006,200.380005,200.460007,199.894287,5540700,0.0,0.0
2025-10-07,200.399994,200.600006,200.0,200.020004,199.455521,3385000,0.0,0.0
2025-10-08,200.339996,200.479996,200.0,200.009995,199.445541,3883100,0.0,0.0
2025-10-09,200.0,200.259995,199.809998,200.050003,199.485443,3618200,0.0,0.0
2025-10-10,200.039993,200.389999,199.800003,200.020004,199.455521,3524100,0.0,0.0
2025-10-13,200.050003,200.619995,200.050003,200.289993,199.724747,2431300,0.0,0.0
2025-10-14,200.110001,200.779999,200.039993,200.199997,199.63501,3145800,0.0,0.0
2025-10-15,200.309998,201.110001,200.289993,200.75,200.183456,3807300,0.0,0.0
2025-10-16,200.75,201.149994,200.25,200.350006,199.784592,2631600,0.0,0.0
2025-10-17,200.539993,200.75,200.130005,200.300003,199.734741,4512000,0.0,0.0
2025-10-20,200.550003,200.710007,200.399994,200.589996,200.023911,2322800,0.0,0.0
2025-10-21,200.509995,200.710007,200.139999,200.550003,199.984024,2620000,0.0,0.0
2025-10-22,200.460007,200.869995,200.309998,200.75,200.183456,3836500,0.0,0.0
2025-10-23,200.649994,200.759995,200.490005,200.619995,200.053818,3357400,0.0,0.0
2025-10-24,200.660004,200.899994,200.529999,200.839996,200.273209,3406100,0.0,0.0
2025-10-27,200.630005,200.899994,200.449997,200.5,199.934158,1939000,0.0,0.0
2025-10-28,200.610001,200.669998,200.25,200.300003,199.734741,3019100,0.0,0.0
2025-10-29,200.220001,200.600006,200.009995,200.199997,199.63501,2166600,0.0,0.0
2025-10-30,200.199997,200.580002,199.740005,199.919998,199.355804,2143800,0.0,0.0
2025-10-31,200.039993,200.449997,200.0,200.059998,199.495392,2267300,0.0,0.0
2025-11-03,200.050003,200.139999,199.759995,199.889999,199.325882,2618400,0.0,0.0
2025-11-04,200.160004,200.809998,199.809998,200.779999,200.213364,1772200,0.0,0.0
2025-11-05,200.529999,200.960007,200.399994,200.740005,200.173492,1301400,0.0,0.0
2025-11-06,200.550003,200.990005,200.300003,200.380005,199.814514,1953000,0.0,0.0
2025-11-07,200.570007,200.710007,200.369995,200.600006,200.03389,1756000,0.0,0.0
2025-11-10,200.600006,201.529999,200.559998,201.399994,200.831604,1622900,0.0,0.0
2025-11-11,201.440002,202.050003,201.139999,201.929993,201.360123,1717400,0.0,0.0
2025-11-12,201.630005,202.220001,201.139999,202.0,201.429932,2634500,0.0,0.0
2025-11-13,201.800003,202.100006,201.330002,201.339996,200.77179,1727900,0.0,0.0
2025-11-14,201.279999,201.820007,201.050003,201.059998,200.492569,1767500,0.0,0.0
2025-11-17,201.419998,201.5,200.710007,200.770004,200.2034,2944400,0.0,0.0
2025-11-18,201.0,202.139999,200.910004,201.809998,201.240463,2394400,0.0,0.0
2025-11-19,201.330002,202.169998,201.330002,201.580002,201.011108,2024800,0.0,0.0
2025-11-20,201.649994,202.240005,201.050003,201.119995,200.552414,1823400,0.0,0.0
2025-11-21,201.300003,201.5,200.580002,200.690002,200.123627,3904700,0.0,0.0
2025-11-24,201.0,201.910004,200.979996,201.050003,200.48262,3114500,0.0,0.0
2025-11-25,201.300003,201.960007,201.240005,201.660004,201.090897,1234100,0.0,0.0
2025-11-26,201.880005,202.039993,201.720001,201.919998,201.350159,1627200,0.0,0.0
2025-11-28,201.869995,202.210007,201.75,202.029999,201.459839,896800,0.0,0.0
2025-12-01,201.990005,202.860001,201.699997,202.619995,202.048187,3570100,0.0,0.0
2025-12-02,202.809998,203.399994,202.539993,203.240005,202.666428,2288100,0.0,0.0
2025-12-03,202.929993,203.399994,202.800003,203.210007,202.826126,1516900,0.19,0.0
2025-12-04,203.070007,203.580002,203.070007,203.440002,203.055695,1625300,0.0,0.0
2025-12-05,203.320007,204.009995,203.320007,203.919998,203.534775,1936700,0.0,0.0
2025-12-08,204.130005,204.639999,203.490005,203.529999,203.145508,1534700,0.0,0.0
2025-12-09,203.649994,204.399994,203.600006,203.820007,203.434982,1886100,0.0,0.0
2025-12-10,203.690002,203.800003,203.509995,203.509995,203.125565,2010100,0.0,0.0
2025-12-11,203.550003,204.300003,203.399994,203.660004,203.275269,2393200,0.0,0.0
2025-12-12,203.800003,203.960007,203.520004,203.729996,203.345139,2269900,0.0,0.0
2025-12-15,203.919998,204.479996,203.720001,204.199997,203.814255,3225100,0.0,0.0
2025-12-16,204.149994,204.330002,204.050003,204.199997,203.814255,1667700,0.0,0.0
2025-12-17,204.149994,204.279999,203.490005,203.630005,203.245331,1964500,0.0,0.0
2025-12-18,203.800003,204.179993,203.800003,203.899994,203.514816,1467400,0.0,0.0
2025-12-19,203.580002,204.5,203.009995,203.919998,203.534775,5760600,0.0,0.0
2025-12-22,204.190002,204.199997,203.75,203.789993,203.405014,1194200,0.0,0.0
2025-12-23,203.869995,204.380005,203.789993,204.270004,203.88414,1450200,0.0,0.0
2025-12-24,204.240005,204.839996,204.240005,204.779999,204.393158,469500,0.0,0.0
2025-12-26,204.580002,204.800003,204.380005,204.789993,204.403122,474400,0.0,0.0
2025-12-29,204.460007,204.759995,204.259995,204.270004,203.88414,1388300,0.0,0.0
2025-12-30,204.300003,204.509995,204.270004,204.350006,203.963989,760700,0.0,0.0
2025-12-31,204.350006,204.889999,204.25,204.330002,203.944016,1404100,0.0,0.0
2026-01-02,204.399994,204.720001,204.259995,204.410004,204.023865,1944200,0.0,0.0
2026-01-05,204.479996,204.559998,204.289993,204.360001,203.973953,1975000,0.0,0.0
2026-01-06,204.360001,204.679993,204.25,204.279999,203.894104,1551200,0.0,0.0
2026-01-07,204.259995,204.509995,204.259995,204.5,204.113678,1917600,0.0,0.0
2026-01-08,204.330002,204.449997,204.199997,204.220001,203.834229,1548100,0.0,0.0
2026-01-09,204.25,204.279999,204.100006,204.100006,203.714447,1251800,0.0,0.0
2026-01-12,204.100006,204.399994,204.050003,204.25,203.864166,2744200,0.0,0.0
2026-01-13,204.25,204.600006,204.25,204.330002,203.944016,2179500,0.0,0.0
2026-01-14,204.279999,204.369995,204.190002,204.199997,203.814255,1261100,0.0,0.0
2026-01-15,204.300003,204.369995,204.130005,204.149994,203.764343,1214700,0.0,0.0
2026-01-16,204.179993,204.339996,204.149994,204.25,203.864166,2067800,0.0,0.0
2026-01-20,204.089996,204.199997,203.699997,204.0,203.614624,2599900,0.0,0.0
2026-01-21,203.910004,204.300003,203.850006,204.149994,203.764343,1446100,0.0,0.0
2026-01-22,204.149994,204.479996,203.850006,204.380005,203.993927,1935400,0.0,0.0
2026-01-23,204.229996,204.270004,203.889999,204.0,203.614624,1644400,0.0,0.0
2026-01-26,204.309998,204.5,203.899994,204.399994,204.013885,1991700,0.0,0.0
2026-01-27,204.179993,204.419998,204.110001,204.369995,203.983917,1282900,0.0,0.0
2026-01-28,204.199997,204.429993,203.820007,203.940002,203.554749,1754300,0.0,0.0
2026-01-29,203.940002,204.039993,203.619995,203.949997,203.564713,2661600,0.0,0.0
2026-01-30,203.720001,204.0,203.050003,203.919998,203.534775,4233600,0.0,0.0
2026-02-02,203.809998,204.149994,203.550003,203.600006,203.215393,2064300,0.0,0.0
2026-02-03,203.830002,203.850006,201.300003,201.389999,201.009567,6727200,0.0,0.0
2026-02-04,201.520004,201.559998,196.399994,196.839996,196.468155,11260900,0.0,0.0
2026-02-05,196.75,199.729996,196.410004,197.929993,197.556091,4006500,0.0,0.0
2026-02-06,199.399994,200.25,197.940002,200.0,199.622192,3744100,0.0,0.0
2026-02-09,200.009995,202.020004,199.899994,200.869995,200.49054,4441200,0.0,0.0
2026-02-10,202.160004,203.350006,201.179993,202.580002,202.197311,2839600,0.0,0.0
2026-02-11,202.559998,202.800003,201.289993,202.240005,201.857956,2805900,0.0,0.0
2026-02-12,202.5,202.779999,200.199997,200.460007,200.081329,4249700,0.0,0.0
2026-02-13,200.0,201.080002,199.979996,200.619995,200.241013,2124600,0.0,0.0
2026-02-17,200.630005,200.75,199.119995,199.529999,199.153076,3742300,0.0,0.0
2026-02-18,199.410004,200.740005,199.270004,200.229996,199.851746,1905000,0.0,0.0
2026-02-19,199.979996,200.139999,199.410004,199.880005,199.502426,1310300,0.0,0.0
2026-02-20,199.699997,200.600006,199.580002,200.399994,200.021423,2255000,0.0,0.0
2026-02-23,200.5,201.0,200.039993,200.479996,200.101273,1904000,0.0,0.0
2026-02-24,200.479996,201.210007,200.119995,201.0,200.6203,2863500,0.0,0.0
2026-02-25,200.809998,201.990005,200.809998,201.979996,201.789185,1751500,0.19,0.0
2026-02-26,201.830002,202.0,200.889999,201.070007,200.880066,1520000,0.0,0.0
2026-02-27,200.690002,201.279999,200.210007,200.570007,200.380539,2619200,0.0,0.0
2026-03-02,200.25,201.5,200.210007,201.059998,200.870056,2011500,0.0,0.0
2026-03-03,200.509995,201.440002,200.350006,201.220001,201.029907,2230200,0.0,0.0
2026-03-04,201.130005,201.869995,200.610001,201.729996,201.539429,2062000,0.0,0.0
2026-03-05,201.020004,201.399994,200.610001,200.759995,200.570343,1942400,0.0,0.0
2026-03-06,198.160004,198.800003,197.470001,198.0,197.812958,4947000,0.0,0.0
2026-03-09,197.850006,199.960007,197.009995,199.270004,199.081757,3344200,0.0,0.0
2026-03-10,199.0,200.559998,198.259995,200.070007,199.881012,2851000,0.0,0.0
2026-03-11,200.070007,200.610001,198.529999,199.919998,199.73114,3607000,0.0,0.0
2026-03-12,199.550003,199.919998,199.050003,199.080002,198.891937,1772100,0.0,0.0
2026-03-13,199.979996,199.979996,198.770004,199.240005,199.051788,1385700,0.0,0.0
2026-03-16,199.710007,200.389999,199.509995,200.210007,200.020874,1840700,0.0,0.0
2026-03-17,200.050003,200.889999,199.880005,200.130005,199.940948,1377500,0.0,0.0
2026-03-18,200.270004,201.0,200.160004,200.610001,200.420486,2118700,0.0,0.0
2026-03-19,200.630005,200.820007,200.009995,200.690002,200.500412,1629700,0.0,0.0
2026-03-20,200.5,200.979996,200.210007,200.509995,200.320572,5139300,0.0,0.0
2026-03-23,201.059998,201.399994,200.630005,201.130005,200.940002,2886700,0.0,0.0
2026-03-24,201.149994,201.75,200.960007,201.619995,201.429535,1976700,0.0,0.0
2026-03-25,201.589996,202.460007,201.5,202.339996,202.148849,2279300,0.0,0.0
2026-03-26,202.240005,202.619995,201.770004,201.910004,201.719269,2864800,0.0,0.0
2026-03-27,201.690002,202.130005,201.300003,202.009995,201.819168,2001800,0.0,0.0
2026-03-30,202.5,202.830002,202.190002,202.570007,202.378647,1576700,0.0,0.0
2026-03-31,202.800003,203.899994,202.610001,203.869995,203.677399,3506000,0.0,0.0
2026-04-01,203.350006,204.199997,202.919998,203.580002,203.38768,2179600,0.0,0.0
2026-04-02,202.990005,203.639999,202.990005,203.600006,203.407669,872600,0.0,0.0
2026-04-06,203.460007,204.179993,203.320007,204.160004,203.967133,960700,0.0,0.0
2026-04-07,203.779999,204.0,203.630005,203.949997,203.757324,1265800,0.0,0.0
2026-04-08,203.699997,204.220001,203.699997,203.990005,203.797302,2123400,0.0,0.0
2026-04-09,203.899994,203.940002,202.139999,202.199997,202.008987,2370900,0.0,0.0
2026-04-10,202.350006,202.919998,202.050003,202.740005,202.548477,1542200,0.0,0.0
2026-04-13,202.729996,202.850006,202.119995,202.559998,202.368637,1367300,0.0,0.0
2026-04-14,202.399994,203.520004,202.389999,202.850006,202.658386,1345000,0.0,0.0
2026-04-15,203.25,203.529999,202.770004,203.240005,203.048004,2134700,0.0,0.0
2026-04-16,203.529999,203.649994,203.080002,203.369995,203.177872,1558200,0.0,0.0
2026-04-17,203.830002,203.919998,203.5,203.830002,203.637451,1709800,0.0,0.0
2026-04-20,203.720001,204.0,203.139999,203.360001,203.167892,1373500,0.0,0.0
2026-04-21,203.100006,203.559998,203.0,203.550003,203.357712,1010400,0.0,0.0
2026-04-22,203.779999,203.809998,202.649994,202.779999,202.58844,1404800,0.0,0.0
2026-04-23,202.779999,202.970001,202.279999,202.509995,202.318695,1330100,0.0,0.0
2026-04-24,202.639999,202.75,202.220001,202.669998,202.478546,1125000,0.0,0.0
2026-04-27,202.809998,203.360001,202.210007,202.449997,202.258743,1833200,0.0,0.0
2026-04-28,203.470001,203.639999,202.309998,202.529999,202.338669,1715100,0.0,0.0
2026-04-29,202.309998,202.800003,201.949997,202.669998,202.478546,1326600,0.0,0.0
2026-04-30,202.279999,202.479996,201.779999,202.369995,202.178818,1790600,0.0,0.0
2026-05-01,202.690002,202.690002,201.970001,202.089996,201.899094,1250100,0.0,0.0
2026-05-04,201.869995,202.300003,201.720001,201.820007,201.629349,1429700,0.0,0.0
2026-05-05,201.949997,202.080002,201.389999,201.570007,201.379593,1400900,0.0,0.0
2026-05-06,201.479996,202.059998,200.600006,200.789993,200.600311,2845400,0.0,0.0
2026-05-07,200.740005,201.270004,200.25,200.850006,200.660263,2215100,0.0,0.0
2026-05-08,200.649994,200.779999,200.279999,200.440002,200.250656,2738200,0.0,0.0
2026-05-11,200.600006,200.600006,200.070007,200.220001,200.030853,2373000,0.0,0.0
2026-05-12,200.240005,200.919998,199.940002,200.190002,200.000885,2134000,0.0,0.0
2026-05-13,200.009995,200.449997,199.449997,200.179993,199.990891,2184200,0.0,0.0
2026-05-14,199.899994,200.800003,199.809998,200.779999,200.590332,1107100,0.0,0.0
2026-05-15,200.160004,200.850006,200.149994,200.639999,200.450455,1768700,0.0,0.0
2026-05-18,200.149994,201.570007,200.0,201.050003,200.860077,2291800,0.0,0.0
2026-05-19,201.240005,201.740005,201.0,201.699997,201.50946,1521400,0.0,0.0
2026-05-20,201.360001,201.729996,200.779999,201.589996,201.399567,1488900,0.0,0.0
2026-05-21,201.399994,201.949997,201.190002,201.869995,201.679291,1331200,0.0,0.0
2026-05-22,201.789993,201.850006,200.729996,200.970001,200.780151,2333900,0.0,0.0
2026-05-26,200.610001,201.130005,200.490005,201.130005,200.940002,1518000,0.0,0.0
2026-05-27,200.800003,201.410004,200.5,200.679993,200.679993,1554000,0.19,0.0
2026-05-28,200.509995,201.279999,200.360001,201.149994,201.149994,1640100,0.0,0.0
2026-05-29,201.149994,202.110001,201.070007,201.720001,201.720001,5220800,0.0,0.0
2026-06-01,201.929993,202.460007,201.610001,202.0,202.0,1500100,0.0,0.0
2026-06-02,202.0,202.5,201.539993,202.009995,202.009995,1713300,0.0,0.0
2026-06-03,202.0,202.899994,201.809998,202.630005,202.630005,1656300,0.0,0.0
2026-06-04,202.809998,203.740005,202.75,203.399994,203.399994,2714700,0.0,0.0
2026-06-05,203.899994,203.899994,202.710007,203.0,203.0,2425400,0.0,0.0
2026-06-08,202.880005,203.729996,202.490005,203.199997,203.199997,1530700,0.0,0.0
2026-06-09,203.199997,203.330002,202.270004,202.479996,202.479996,1335700,0.0,0.0
2026-06-10,202.970001,203.800003,202.869995,203.199997,203.199997,1561500,0.0,0.0
2026-06-11,203.029999,203.380005,202.740005,203.050003,203.050003,1590400,0.0,0.0
2026-06-12,203.25,203.5,202.5,203.270004,203.270004,1690400,0.0,0.0
2026-06-15,203.149994,203.320007,202.759995,203.119995,203.119995,1092600,0.0,0.0
2026-06-16,203.009995,203.399994,202.839996,203.020004,203.020004,927500,0.0,0.0
2026-06-17,202.960007,204.199997,202.699997,203.020004,203.020004,3134200,0.0,0.0
2026-06-18,202.720001,203.5,201.800003,202.149994,202.149994,5918900,0.0,0.0
2026-06-22,202.330002,203.0,202.25,202.970001,202.970001,2119000,0.0,0.0
2026-06-23,203.559998,203.649994,203.020004,203.520004,203.520004,1971300,0.0,0.0
2026-06-24,204.699997,204.889999,204.360001,204.520004,204.520004,2958000,0.0,0.0
2026-06-25,204.5,205.220001,204.119995,204.729996,204.729996,1925900,0.0,0.0
2026-06-26,204.990005,205.690002,204.839996,205.25,205.25,3121700,0.0,0.0
2026-06-29,205.25,205.389999,204.929993,205.050003,205.050003,1432600,0.0,0.0
2026-06-30,205.479996,205.509995,204.949997,205.039993,205.039993,1809900,0.0,0.0
2026-07-01,205.759995,206.0,205.149994,205.449997,205.449997,1725300,0.0,0.0
2026-07-02,205.949997,206.0,205.0,205.210007,205.210007,2302900,0.0,0.0
2026-07-06,205.240005,205.410004,204.919998,205.210007,205.210007,2439100,0.0,0.0
2026-07-07,205.910004,206.009995,205.369995,205.440002,205.440002,1443600,0.0,0.0
2026-07-08,206.0,206.0,204.830002,204.889999,204.889999,1019400,0.0,0.0
2026-07-09,204.860001,206.589996,204.860001,206.559998,206.559998,1722400,0.0,0.0
2026-07-10,206.5,206.630005,206.25,206.410004,206.410004,1228500,0.0,0.0
2026-07-13,206.5,206.820007,206.289993,206.350006,206.350006,1385500,0.0,0.0
2026-07-14,206.350006,206.800003,206.130005,206.649994,206.649994,1553100,0.0,0.0
2026-07-15,206.550003,207.770004,205.960007,207.270004,207.270004,4513000,0.0,0.0
2026-07-16,207.509995,207.860001,207.169998,207.839996,207.839996,2709300,0.0,0.0
2026-07-17,209.190002,209.190002,208.800003,208.899994,208.899994,3883800,0.0,0.0
2026-07-20,209.270004,209.339996,208.960007,209.289993,209.289993,1696900,0.0,0.0
2026-07-21,209.330002,209.330002,208.960007,209.039993,209.039993,2032300,0.0,0.0
2026-07-22,209.009995,209.059998,208.399994,208.949997,208.949997,2880200,0.0,0.0
2026-07-23,209.059998,209.190002,208.850006,209.0,209.0,2017900,0.0,0.0
2026-07-24,209.229996,209.229996,208.940002,209.059998,209.059998,2026600,0.0,0.0
2026-07-27,209.25,209.25,208.949997,209.070007,209.070007,2675900,0.0,0.0
2026-07-28,209.259995,209.410004,208.720001,208.869995,208.869995,3709400,0.0,0.0
2026-07-29,209.139999,209.160004,208.520004,208.910004,208.910004,3568700,0.0,0.0
2026-07-30,208.899994,209.800003,208.699997,209.589996,209.589996,4143500,0.0,0.0
2026-07-31,209.850006,209.929993,209.759995,209.860001,209.860001,4852300,0.0,0.0
2026-08-03,209.910004,209.970001,209.889999,209.910004,209.910004,4470400,0.0,0.0
2026-08-04,209.910004,209.979996,209.699997,209.699997,209.699997,48430629,0.0,0.0
